1940 -5152180.78654 21333.92084
1941 -5143079.71237 33848.78838
1942 -5123256.60564 69603.65866
1943 -5159707.00134 26091.53806
1944 -5257306.07419 -47944.41050
1945 -5179975.77483 15737.03415
1946 -5127395.50384 9631.83305
1947 -5125010.47553 13766.50608
1948 -5141595.90976 -5920.72564
1949 -5119356.54849 -20513.74491
1950 -5077991.72203 8013.86813
1951 -5164973.90000 -16184.59585
1952 -5164925.57845 -39872.91426
1953 -5153591.75806 -13325.46221
1954 -5136065.56379 3627.56936
1955 -5220962.45592 622.48958
1956 -5173794.24514 25488.45992
1957 -5238836.65283 20322.54434
1958 -5281355.79802 7477.60550
1959 -5221535.24494 1078.32268
1960 -5193027.88758 16373.05978
1961 -5229102.72367 -15279.16421
1962 -5218111.76194 4413.53856
1963 -5173153.03654 -62170.09832
1964 -5064867.69433 -134141.73278
1965 -5149091.11892 -26595.59980
1966 -5251020.30512 -19769.27464
1967 -5220027.20143 11006.08837
1968 -5178894.74136 21880.17194
1969 -5185202.59512 -42153.52510
1970 -5162127.43828 18313.39585
1971 -5268709.96901 70651.72077
1972 -5170501.32815 100649.45449
1973 -5166101.29220 -36699.88411
1974 -5123795.14304 46192.20533
1975 -5136184.86089 -30633.16667
1976 -5030913.48155 89251.58617
1977 -5163092.91885 25610.78232
1978 -5191731.48035 15875.59992
1979 -5289442.06660 22981.74917
1980 -5251205.32566 18568.47212
1981 -5374486.69741 24841.19923
1982 -5262153.97664 -19516.60232
1983 -5120246.30940 -75272.68628
1984 -5280846.16322 37645.33592
1985 -5283164.12610 72942.02797
1986 -5354170.96999 45504.92128
1987 -5258265.37973 49787.53054
1988 -5287931.87215 23855.08140
1989 -5325504.34134 81474.65362
1990 -5393519.12389 55024.13018
1991 -5178420.96882 -39474.73142
1992 -5118728.77731 -146213.27688
1993 -5170818.79054 6804.33279
1994 -5243877.94133 61663.60145
1995 -5256211.54986 30832.05173
1996 -5386048.41569 34576.95888
1997 -5306725.51407 81237.70715
1998 -5364107.67014 -28914.36715
1999 -5295868.99980 77420.05448
2000 -5316050.58822 76787.19057
2001 -5356767.74018 69540.52071
2002 -5445694.22762 39495.53289
2003 -5322134.96240 55024.63446
2004 -5297172.24778 72679.29271
2005 -5322850.55336 53959.74577
2006 -5261014.25311 82490.95858
2007 -5257642.27012 28216.46076
2008 -5282398.19837 107566.94267
2009 -5239269.26110 96304.38783
2010 -5346693.18145 -10515.02806
2011 -5306401.39858 71765.05420
2012 -5323865.62059 125765.93750
2013 -5306650.37028 29894.10240
2014 -5325741.89943 46190.39100
2015 -5298159.50462 66975.72035
