1940 283.44235
1941 283.45156
1942 283.26355
1943 283.27655
1944 283.02490
1945 283.82135
1946 282.61945
1947 283.38884
1948 283.35538
1949 282.93531
1950 283.10994
1951 283.26137
1952 283.73323
1953 284.30103
1954 284.23402
1955 283.78582
1956 284.04007
1957 284.18037
1958 283.35854
1959 284.46588
1960 283.61944
1961 283.10812
1962 283.63453
1963 283.36365
1964 283.60620
1965 283.47801
1966 283.29820
1967 283.99071
1968 283.18825
1969 284.03544
1970 283.10908
1971 283.90419
1972 282.79644
1973 283.91371
1974 283.48945
1975 283.65890
1976 283.46071
1977 283.65155
1978 283.11728
1979 283.23325
1980 283.72312
1981 283.96858
1982 283.54888
1983 284.05873
1984 283.84478
1985 283.52861
1986 283.79987
1987 283.28288
1988 283.79392
1989 283.53488
1990 284.63540
1991 284.84564
1992 283.06288
1993 284.16729
1994 284.01032
1995 284.15350
1996 283.41296
1997 283.52937
1998 284.58140
1999 283.47468
2000 284.23529
2001 284.77168
2002 284.62834
2003 284.65930
2004 283.59557
2005 284.57266
2006 284.44708
2007 284.60855
2008 284.55716
2009 284.39823
2010 284.57469
2011 284.79231
2012 285.19097
2013 284.82074
2014 284.66027
