all decades: 468 from 61 runs; linear fit ice_box = -0.096*gSST +1.96

per run (decade means averaged): global SST, NH>50 SST, March ice box/basin, March MLD box, residual vs fit
                         y0    y1    gsst   nh50  ice_box  ice_basin   mld_box  resid
exp                                                                                  
TUNE42PI_FES27         1350  1639  17.075  2.291    0.201      0.346  1711.200 -0.118
TT11G                  1350  1399  17.119  2.747    0.185      0.336  1816.499 -0.130
13A                    1350  1359  17.364  1.655    0.746      0.748   365.866  0.455
15F                    1350  1379  17.517  2.615    0.261      0.402  1632.055 -0.015
11X                    1350  1389  17.528  2.824    0.154      0.322  2053.140 -0.121
momix_on_ssp_off       1850  1859  17.530  2.310    0.237      0.370  1704.792 -0.039
momix_off_ssp_on       1850  1859  17.622  2.262    0.460      0.484  1044.537  0.194
16C                    1350  1389  17.672  2.640    0.284      0.410  1427.744  0.023
CM33_SPIN              1350  1849  17.676  2.278    0.118      0.295  2277.090 -0.143
momix_off_ssp_off      1850  1859  17.687  2.201    0.238      0.390  1655.778 -0.022
CM33_PI                1850  2014  17.702  2.176    0.127      0.301  2236.841 -0.131
PICAL                  1850  1919  17.716  2.208    0.538      0.601   788.740  0.280
16D                    1350  1389  17.739  2.572    0.315      0.433  1270.881  0.060
16E                    1350  1389  17.770  2.413    0.535      0.598   721.276  0.283
TT09A                  1350  1379  17.786  3.079    0.268      0.387  1555.668  0.017
LR_meltpond_eb20yr     1900  1919  17.846  2.145    0.479      0.548   873.109  0.234
HR_piControl           1850  1867  17.852  2.651    0.169      0.362  1605.872 -0.075
PICAL_momixoff_2040    1940  2049  17.984  1.994    0.795      0.788   255.752  0.563
LR_meltpond_nofix20yr  1900  1919  17.990  2.601    0.234      0.378  1663.800  0.003
LR_meltpond_fix20yr    1900  1919  17.992  2.790    0.183      0.344  1760.433 -0.048
11V                    1350  1389  17.993  3.511    0.173      0.314  1743.807 -0.058
HR_Spinup              1350  1679  18.009  3.172    0.131      0.322  1886.011 -0.099
LR03_CMIP7_main        1850  1889  18.034  2.444    0.624      0.666   365.795  0.398
si10y_ctrl             1900  1909  18.049  2.878    0.351      0.436   986.690  0.126
PICAL_v35def           2020  2049  18.058  2.019    0.885      0.847    71.433  0.660
PICAL_v35def_darkice   2050  2099  18.069  2.033    0.922      0.878    45.039  0.698
CM33_HIST              1850  2014  18.087  2.532    0.091      0.265  2363.969 -0.131
si10y_tuned            1900  1909  18.089  3.034    0.267      0.417  1542.521  0.045
noLPJG_CORE3           1350  1379  18.132  3.920    0.148      0.304  1742.640 -0.070
TT06_Baseline          1350  1379  18.141  3.652    0.162      0.316  1855.260 -0.054
PICAL_momixoff         1920  1939  18.175  3.032    0.266      0.387  1193.183  0.052
PICAL_crunveg_ihf0     2120  2149  18.194  2.896    0.524      0.566   187.663  0.312
PI200_spp              1560  1579  18.220  3.364    0.223      0.358  1367.920  0.014
PI200_h0               1560  1579  18.221  3.289    0.171      0.337  1483.413 -0.038
PI200_cavg06           1600  1619  18.236  3.120    0.245      0.383  1191.061  0.038
PI200_mle              1560  1579  18.242  3.219    0.207      0.357  1211.616  0.001
PI200                  1390  1619  18.257  3.215    0.253      0.392  1113.904  0.048
LR02_CMIP7hist_noMR    1850  1999  18.264  3.130    0.285      0.419  1036.505  0.081
TT080a                 1350  1399  18.266  3.969    0.117      0.282  1961.205 -0.087
PICAL_crunveg_ihf1     2120  2129  18.280  3.116    0.314      0.451   315.512  0.111
PI200_all3             1560  1579  18.293  3.311    0.242      0.381  1172.590  0.040
PI200_gmR1500          1580  1599  18.298  3.123    0.280      0.418   905.286  0.078
PICAL_cvTKEIDEMIX      2020  2039  18.310  2.911    0.392      0.469   513.199  0.191
PICAL_cvKPP            2020  2039  18.327  2.791    0.642      0.656   296.778  0.443
PICAL_crunveg_nx1800   2120  2129  18.329  3.101    0.257      0.418   395.956  0.058
PICAL_crunveg          2100  2119  18.331  3.440    0.201      0.352  1159.129  0.002
PICAL_crunveg_ts1200   2120  2129  18.336  3.307    0.292      0.424   545.362  0.095
PICAL_crunveg_ob1800   2120  2129  18.341  3.360    0.323      0.429   405.387  0.126
PICAL_ccnice           1940  2129  18.390  3.277    0.231      0.375  1256.178  0.038
PI200_gmR2500          1580  1599  18.407  2.674    0.684      0.697   136.001  0.493
LR01_CMIP7hist         1850  1999  18.410  3.383    0.289      0.429   897.861  0.098
PICAL_crunveg_ob1200   2120  2129  18.417  3.387    0.220      0.366   911.274  0.030
PICAL_cvTKE            2020  2039  18.446  3.161    0.341      0.448   875.932  0.154
16E_1990               1350  1419  18.507  3.432    0.202      0.358  1506.488  0.021
CMdev_L137_GAUSS       1990  2039  18.680  3.055    0.225      0.352  1726.238  0.060
AWIESM720_SPINUP       1350  1849  19.151  4.748    0.058      0.208  1791.746 -0.062
AWIESM700_SPINUP       1350  1849  19.160  4.780    0.052      0.198  1763.168 -0.067
CMdev_BASE             1990  2039  19.420  3.563    0.096      0.251  2307.489  0.002
CMdev_BASE_SP          1990  2039  19.489  3.709    0.070      0.233  2353.996 -0.017
CMdev_ALB+RAD          1990  2039  19.532  3.645    0.092      0.239  2309.219  0.008
CMdev_ALB              1990  2039  19.683  3.759    0.071      0.227  2393.227  0.002
