Regions from September 2177: NEW = MLD2 > 1000 m in the arm and < 500 m in the TKE-only line (5.93e6 km2); OLD = > 1000 m in both (3.33e6 km2). Open ocean south of 55S, bottom deeper than 2000 m.
sigma0 step = sigma0(200-300 m) - sigma0(0-50 m) [kg/m3]; fw positive = freshwater into the ocean; fh positive = heat out of the ocean (FESOM sign as written).

Region NEW: arm (KPP, GM 1000)
quantity            2170-01  2170-03  2170-06  2170-09  2171-03  2171-09  2172-03  2172-09  2173-09  2175-09  2177-09  2179-09
S 0-50 m             33.842   33.810   34.009   34.200   33.826   34.269   33.949   34.333   34.409   34.461   34.556   34.461
S 50-150 m           34.451   34.478   34.509   34.526   34.542   34.550   34.568   34.574   34.594   34.602   34.616   34.609
S 200-500 m          34.717   34.717   34.717   34.716   34.715   34.714   34.712   34.708   34.704   34.694   34.685   34.685
T 0-50 m               0.01     0.84    -1.15    -1.74     0.47    -1.66     1.29    -1.35    -1.21    -0.85    -0.29    -0.67
T 50-150 m             0.47     0.69     0.90     0.69     0.88     0.62     0.90     0.64     0.52     0.43     0.27     0.40
T 200-500 m            1.47     1.47     1.46     1.46     1.44     1.41     1.38     1.32     1.23     1.04     0.86     0.85
sigma0 step           0.600    0.672    0.416    0.244    0.638    0.192    0.594    0.154    0.102    0.081    0.035    0.094
  salt part           0.693    0.718    0.561    0.409    0.703    0.351    0.602    0.295    0.231    0.181    0.098    0.176
  temp part          -0.102   -0.051   -0.159   -0.181   -0.072   -0.175   -0.010   -0.154   -0.140   -0.109   -0.069   -0.089
log10 Kv 30 m         -4.60    -4.02    -1.53    -1.30    -4.08    -1.38    -4.66    -1.34    -1.32    -1.16    -0.96    -1.19
log10 Kv 75 m         -5.00    -5.00    -4.61    -4.11    -4.99    -3.65    -4.98    -3.34    -3.24    -2.43    -1.39    -2.56
N2 max 1e-5           31.88    37.65    11.99     5.46    49.77     4.49    46.71     3.95     2.71     2.15     1.09     2.82
bolus w 200m m/yr     -12.1    -13.7    -15.7    -16.9    -14.5    -18.3    -14.8    -15.3    -16.2      0.7    -16.8    -15.6
fw m/month           -0.127   -0.046    0.073    0.006   -0.047   -0.062   -0.045   -0.032   -0.072   -0.042   -0.046   -0.065
fw_ice m/month        0.054   -0.010   -0.098   -0.022   -0.011    0.037   -0.002    0.006    0.044    0.016    0.014    0.027
fh W/m2              -105.2      6.8     57.5     35.6      5.7     50.8     17.8     51.1     56.9     64.2     76.4     63.4
ice conc               0.13     0.05     0.57     0.88     0.06     0.77     0.02     0.62     0.65     0.36     0.25     0.28
MLD2 m                   25       26      117      706       22     1209       21     1581     2276     2687     3768     2470

Region NEW: TKE-only line
quantity            2170-01  2170-03  2170-06  2170-09  2171-03  2171-09  2172-03  2172-09  2173-09  2175-09  2177-09  2179-09
S 0-50 m             33.841   33.814   34.039   34.186   33.852   34.186   33.846   34.199   34.204   34.199   34.182   34.212
S 50-150 m           34.450   34.469   34.463   34.454   34.469   34.467   34.466   34.452   34.463   34.466   34.456   34.465
S 200-500 m          34.717   34.717   34.718   34.718   34.718   34.717   34.716   34.716   34.716   34.717   34.715   34.716
T 0-50 m              -0.06     0.57    -1.16    -1.62     1.15    -1.64     0.84    -1.67    -1.69    -1.69    -1.62    -1.69
T 50-150 m             0.47     0.77     0.77     0.18     0.53     0.24     0.60     0.09     0.14     0.15     0.18     0.09
T 200-500 m            1.47     1.47     1.47     1.47     1.47     1.46     1.45     1.45     1.45     1.43     1.42     1.42
sigma0 step           0.597    0.653    0.390    0.258    0.659    0.259    0.644    0.248    0.243    0.250    0.264    0.240
  salt part           0.694    0.715    0.538    0.422    0.686    0.422    0.689    0.411    0.406    0.412    0.422    0.402
  temp part          -0.106   -0.069   -0.161   -0.180   -0.030   -0.178   -0.049   -0.179   -0.179   -0.178   -0.174   -0.178
log10 Kv 30 m         -4.39    -2.58    -1.23    -1.33    -3.01    -1.28    -2.72    -1.26    -1.27    -1.27    -1.29    -1.23
log10 Kv 75 m         -5.47    -5.15    -3.58    -2.85    -5.47    -2.97    -5.24    -2.76    -2.87    -2.85    -2.99    -2.74
N2 max 1e-5           30.40    28.65    14.02     7.29    30.84     7.09    27.96     6.92     6.58     6.74     7.36     6.47
bolus w 200m m/yr     -28.0    -28.9    -28.2    -21.7    -28.3    -27.0    -28.2    -28.3    -25.7    -23.1    -25.0    -26.0
fw m/month           -0.128   -0.032    0.039   -0.039   -0.057   -0.057   -0.049   -0.040   -0.074   -0.094   -0.023   -0.120
fw_ice m/month        0.052   -0.024   -0.064    0.017   -0.004    0.033   -0.008    0.019    0.047    0.067   -0.001    0.080
fh W/m2              -101.3     10.1     64.8     46.8     11.1     46.8      5.9     44.4     45.7     51.4     40.4     54.4
ice conc               0.13     0.07     0.56     0.73     0.02     0.74     0.03     0.78     0.79     0.78     0.72     0.80
MLD2 m                   32       46      130      429       38      508       43      512      490      484      118      299

Region NEW: arm minus TKE-only
quantity            2170-01  2170-03  2170-06  2170-09  2171-03  2171-09  2172-03  2172-09  2173-09  2175-09  2177-09  2179-09
S 0-50 m              0.001   -0.004   -0.030    0.014   -0.026    0.083    0.102    0.134    0.205    0.262    0.375    0.250
S 50-150 m            0.001    0.008    0.046    0.072    0.074    0.083    0.102    0.123    0.131    0.136    0.160    0.143
S 200-500 m           0.000   -0.000   -0.001   -0.002   -0.002   -0.004   -0.005   -0.008   -0.012   -0.023   -0.030   -0.031
T 0-50 m               0.07     0.27     0.02    -0.11    -0.68    -0.02     0.45     0.33     0.48     0.85     1.33     1.02
T 50-150 m            -0.00    -0.08     0.13     0.51     0.35     0.38     0.31     0.55     0.38     0.28     0.08     0.31
T 200-500 m           -0.00    -0.00    -0.01    -0.02    -0.02    -0.04    -0.07    -0.13    -0.22    -0.39    -0.56    -0.57
sigma0 step           0.003    0.019    0.025   -0.014   -0.021   -0.067   -0.051   -0.094   -0.141   -0.170   -0.229   -0.146
  salt part          -0.000    0.003    0.023   -0.013    0.018   -0.071   -0.087   -0.116   -0.176   -0.231   -0.324   -0.226
  temp part           0.004    0.018    0.002   -0.002   -0.042    0.004    0.039    0.025    0.039    0.068    0.105    0.089
log10 Kv 30 m         -0.21    -1.44    -0.30     0.03    -1.07    -0.10    -1.94    -0.07    -0.05     0.12     0.33     0.04
log10 Kv 75 m          0.47     0.16    -1.03    -1.26     0.48    -0.69     0.26    -0.58    -0.37     0.42     1.61     0.19
N2 max 1e-5            1.48     9.00    -2.02    -1.82    18.92    -2.60    18.75    -2.97    -3.88    -4.60    -6.27    -3.65
bolus w 200m m/yr      15.9     15.2     12.5      4.8     13.8      8.7     13.4     13.0      9.4     23.8      8.2     10.4
fw m/month            0.001   -0.014    0.034    0.045    0.010   -0.006    0.005    0.008    0.002    0.052   -0.022    0.055
fw_ice m/month        0.002    0.014   -0.034   -0.039   -0.007    0.005    0.006   -0.013   -0.002   -0.051    0.015   -0.052
fh W/m2                -3.9     -3.4     -7.3    -11.2     -5.4      4.0     11.9      6.7     11.1     12.7     36.0      8.9
ice conc              -0.01    -0.03     0.01     0.15     0.05     0.03    -0.01    -0.16    -0.13    -0.42    -0.47    -0.52
MLD2 m                   -7      -20      -13      277      -15      701      -22     1069     1786     2203     3650     2171

Region OLD: arm (KPP, GM 1000)
quantity            2170-01  2170-03  2170-06  2170-09  2171-03  2171-09  2172-03  2172-09  2173-09  2175-09  2177-09  2179-09
S 0-50 m             33.992   33.943   34.243   34.437   34.014   34.448   34.068   34.459   34.478   34.543   34.564   34.564
S 50-150 m           34.562   34.577   34.592   34.598   34.611   34.607   34.609   34.603   34.622   34.613   34.612   34.612
S 200-500 m          34.676   34.676   34.677   34.676   34.676   34.670   34.671   34.667   34.666   34.659   34.654   34.652
T 0-50 m              -0.77    -0.26    -1.68    -1.78    -0.74    -1.53     0.32    -1.55    -1.43    -0.87    -0.65    -0.66
T 50-150 m            -0.09     0.09     0.25     0.10     0.30     0.11     0.30     0.04     0.20    -0.03    -0.17    -0.18
T 200-500 m            0.92     0.93     0.93     0.93     0.92     0.83     0.84     0.78     0.71     0.54     0.36     0.29
sigma0 step           0.458    0.520    0.224    0.065    0.442    0.065    0.450    0.056    0.048    0.021    0.019    0.021
  salt part           0.544    0.584    0.345    0.189    0.526    0.174    0.477    0.162    0.147    0.089    0.066    0.065
  temp part          -0.095   -0.071   -0.134   -0.137   -0.093   -0.120   -0.031   -0.117   -0.109   -0.074   -0.052   -0.048
log10 Kv 30 m         -4.87    -4.74    -1.70    -1.29    -4.72    -1.48    -4.80    -1.29    -1.66    -1.04    -0.93    -1.02
log10 Kv 75 m         -4.99    -5.00    -4.78    -3.57    -4.98    -2.68    -4.95    -3.19    -2.83    -1.55    -1.31    -1.46
N2 max 1e-5           50.64    49.53     9.53     2.12    53.67     2.24    51.98     2.12     2.29     0.83     0.82     0.74
bolus w 200m m/yr      -7.9     -9.7    -12.1    -15.9    -13.7    -23.8    -14.4    -38.5    -28.5    -72.8   -124.4    -76.1
fw m/month           -0.231    0.003    0.167    0.005    0.005   -0.136   -0.029   -0.014   -0.078   -0.064   -0.049   -0.057
fw_ice m/month        0.133   -0.036   -0.175   -0.014   -0.042    0.105   -0.006    0.000    0.061    0.049    0.028    0.031
fh W/m2               -73.4     24.5     27.1     36.5     17.7     79.6     33.1     56.2     57.8    102.8    101.1     88.2
ice conc               0.26     0.10     0.79     0.95     0.23     0.80     0.08     0.85     0.83     0.53     0.40     0.32
MLD2 m                   16       21      651     3646       18     3194       18     3686     3716     4139     4099     4052

Region OLD: TKE-only line
quantity            2170-01  2170-03  2170-06  2170-09  2171-03  2171-09  2172-03  2172-09  2173-09  2175-09  2177-09  2179-09
S 0-50 m             33.997   33.919   34.254   34.408   33.968   34.408   33.961   34.409   34.426   34.426   34.422   34.419
S 50-150 m           34.562   34.574   34.570   34.559   34.566   34.561   34.565   34.557   34.576   34.557   34.544   34.551
S 200-500 m          34.676   34.676   34.677   34.676   34.677   34.676   34.677   34.677   34.675   34.674   34.672   34.673
T 0-50 m              -0.78    -0.41    -1.69    -1.77     0.02    -1.77    -0.29    -1.80    -1.76    -1.75    -1.80    -1.77
T 50-150 m            -0.10     0.07     0.14    -0.25    -0.04    -0.26    -0.03    -0.29    -0.18    -0.37    -0.51    -0.42
T 200-500 m            0.92     0.93     0.94     0.91     0.94     0.92     0.94     0.94     0.90     0.88     0.86     0.87
sigma0 step           0.454    0.532    0.215    0.089    0.514    0.089    0.504    0.087    0.075    0.076    0.077    0.082
  salt part           0.540    0.603    0.337    0.212    0.565    0.213    0.571    0.213    0.197    0.196    0.196    0.202
  temp part          -0.096   -0.078   -0.135   -0.136   -0.057   -0.137   -0.074   -0.139   -0.135   -0.133   -0.131   -0.133
log10 Kv 30 m         -5.29    -3.94    -1.22    -1.42    -4.13    -1.35    -3.55    -1.32    -1.55    -1.27    -1.31    -1.30
log10 Kv 75 m         -5.44    -5.37    -4.15    -2.89    -5.36    -2.80    -5.41    -2.85    -3.09    -2.71    -2.67    -2.74
N2 max 1e-5           55.01    43.30     9.55     2.37    42.72     2.36    33.73     2.62     2.06     1.71     2.04     2.17
bolus w 200m m/yr     -19.9    -22.9    -28.5    -46.5    -22.3    -32.3    -20.0    -22.1    -36.0    -46.5    -49.1    -45.2
fw m/month           -0.203    0.004    0.100   -0.022   -0.031   -0.067   -0.022   -0.026   -0.063   -0.053   -0.005   -0.085
fw_ice m/month        0.116   -0.047   -0.107    0.011   -0.011    0.051   -0.025    0.014    0.048    0.037   -0.006    0.064
fh W/m2               -70.7     32.5     46.8     43.3     34.3     46.0     28.9     37.4     41.3     57.8     34.6     49.3
ice conc               0.24     0.17     0.79     0.92     0.04     0.93     0.16     0.93     0.91     0.91     0.92     0.92
MLD2 m                   18       29      405     2955       28     2897       32     3112     3371     3513     3477     3112

Region OLD: arm minus TKE-only
quantity            2170-01  2170-03  2170-06  2170-09  2171-03  2171-09  2172-03  2172-09  2173-09  2175-09  2177-09  2179-09
S 0-50 m             -0.005    0.024   -0.011    0.028    0.046    0.040    0.107    0.050    0.052    0.117    0.142    0.145
S 50-150 m            0.000    0.003    0.023    0.039    0.045    0.046    0.044    0.047    0.046    0.056    0.068    0.060
S 200-500 m          -0.000    0.000   -0.000    0.001   -0.002   -0.007   -0.006   -0.010   -0.009   -0.015   -0.018   -0.021
T 0-50 m               0.02     0.15     0.01    -0.02    -0.75     0.24     0.62     0.24     0.34     0.88     1.15     1.11
T 50-150 m             0.00     0.02     0.11     0.35     0.34     0.37     0.32     0.33     0.38     0.34     0.34     0.24
T 200-500 m           -0.00     0.00    -0.00     0.01    -0.02    -0.09    -0.09    -0.16    -0.19    -0.34    -0.50    -0.58
sigma0 step           0.004   -0.012    0.009   -0.024   -0.072   -0.024   -0.054   -0.031   -0.027   -0.054   -0.058   -0.060
  salt part           0.004   -0.019    0.008   -0.023   -0.039   -0.039   -0.094   -0.051   -0.050   -0.107   -0.129   -0.137
  temp part           0.001    0.007    0.001   -0.001   -0.036    0.017    0.044    0.022    0.026    0.059    0.080    0.085
log10 Kv 30 m          0.41    -0.80    -0.48     0.13    -0.59    -0.14    -1.26     0.03    -0.12     0.23     0.38     0.27
log10 Kv 75 m          0.45     0.37    -0.63    -0.68     0.38     0.11     0.46    -0.35     0.26     1.17     1.36     1.28
N2 max 1e-5           -4.37     6.23    -0.01    -0.25    10.95    -0.12    18.26    -0.50     0.23    -0.87    -1.22    -1.43
bolus w 200m m/yr      12.0     13.3     16.5     30.6      8.6      8.5      5.6    -16.4      7.5    -26.3    -75.4    -30.9
fw m/month           -0.028   -0.001    0.066    0.027    0.036   -0.069   -0.008    0.012   -0.015   -0.011   -0.044    0.027
fw_ice m/month        0.017    0.011   -0.068   -0.025   -0.031    0.054    0.019   -0.014    0.013    0.013    0.033   -0.033
fh W/m2                -2.7     -8.0    -19.7     -6.8    -16.5     33.6      4.2     18.9     16.5     45.0     66.5     39.0
ice conc               0.02    -0.08    -0.00     0.03     0.20    -0.12    -0.09    -0.08    -0.08    -0.37    -0.52    -0.60
MLD2 m                   -3       -8      246      691      -10      297      -13      574      346      625      622      940
