11V 1350 1.733 1.515 2.107 1.067 18.462 53.75 44.75
11V 1351 1.759 1.483 2.776 1.696 19.335 50.25 42.25
11V 1352 2.293 0.863 2.636 1.746 19.368 50.25 43.25
11V 1353 1.844 0.960 2.686 1.383 18.450 50.25 42.75
11V 1354 1.607 0.995 2.712 1.539 18.678 50.25 43.25
11V 1355 1.079 1.156 2.442 1.134 17.928 53.75 43.75
11V 1356 0.910 1.497 2.493 1.307 17.605 54.75 43.25
11V 1357 1.011 1.788 2.020 0.993 17.021 55.25 43.75
11V 1358 1.196 1.333 2.251 1.050 17.486 54.25 43.75
11V 1359 0.713 1.000 2.256 1.044 17.413 50.25 43.75
11V 1360 1.044 0.947 2.154 0.850 17.269 50.25 45.25
11V 1361 1.015 1.437 1.903 0.794 17.231 55.25 45.75
11V 1362 1.360 1.502 2.002 1.024 17.196 55.25 44.75
11V 1363 0.753 1.090 2.521 1.483 16.802 54.25 43.75
11V 1364 0.838 1.052 1.773 0.744 16.561 56.25 46.25
11V 1365 0.911 0.906 2.071 0.938 16.850 55.75 43.25
11V 1366 0.749 0.875 2.096 1.099 16.548 56.25 43.25
11V 1367 0.893 1.043 1.997 0.897 16.444 56.75 43.75
11V 1368 0.802 0.864 2.194 0.940 16.383 55.25 44.25
11V 1369 1.180 0.874 1.654 0.538 16.085 55.75 47.75
11V 1370 0.878 0.952 2.260 1.035 15.808 50.25 44.25
11V 1371 0.924 0.709 1.854 0.665 15.869 56.25 44.25
11V 1372 0.617 0.966 2.053 1.014 16.130 56.75 43.25
11V 1373 0.829 0.946 1.873 0.721 15.885 56.25 44.25
11V 1374 1.032 0.868 1.821 0.673 15.831 55.25 44.25
11V 1375 0.574 0.688 1.855 0.667 16.014 56.75 44.75
11V 1376 0.529 0.822 1.840 0.790 16.178 56.75 42.75
11V 1377 0.680 0.783 1.819 0.788 16.159 56.25 42.25
11V 1378 0.646 1.095 1.624 0.659 16.323 57.75 45.75
11V 1379 0.606 1.270 1.639 0.692 16.187 57.25 45.75
11V 1380 0.798 1.280 1.749 0.708 16.202 56.75 45.75
11V 1381 0.926 0.889 1.630 0.575 16.442 56.25 45.75
11V 1382 0.928 0.933 1.803 0.770 16.819 56.25 44.25
11V 1383 0.919 1.240 1.904 0.693 16.280 55.75 44.75
11V 1384 0.715 1.053 1.774 0.617 16.079 56.25 44.75
11V 1385 0.859 0.975 1.830 0.674 16.389 56.25 45.25
11V 1386 0.770 1.033 1.837 0.670 16.518 56.25 44.25
11V 1387 0.688 0.944 1.652 0.639 15.932 55.75 44.75
11V 1388 0.845 0.759 1.700 0.495 15.807 55.75 45.75
11V 1389 0.917 0.761 1.702 0.620 15.676 56.25 45.75
11X 1350 1.446 1.839 2.183 1.546 20.511 53.75 43.25
11X 1351 2.480 2.004 2.665 1.582 22.160 50.25 42.75
11X 1352 2.344 1.839 2.678 1.637 21.876 50.25 43.25
11X 1353 2.173 1.802 2.627 1.894 21.634 50.25 43.25
11X 1354 2.375 1.653 2.900 2.075 22.305 50.25 41.75
11X 1355 2.594 1.789 2.845 2.097 22.240 50.25 42.75
11X 1356 2.645 1.917 2.692 2.233 22.222 50.25 43.25
11X 1357 1.586 1.891 2.462 1.884 20.951 50.25 44.75
11X 1358 1.877 1.378 2.610 1.608 20.374 50.25 44.25
11X 1359 1.997 1.519 2.434 1.423 20.366 51.25 44.75
11X 1360 2.446 1.655 2.528 1.870 21.134 50.25 44.75
11X 1361 2.402 1.660 2.618 1.646 20.779 51.75 43.75
11X 1362 2.351 1.365 2.629 1.506 21.149 50.25 43.75
11X 1363 2.234 1.642 2.694 2.006 21.279 50.25 43.25
11X 1364 1.591 1.752 2.789 2.355 20.499 50.25 43.25
11X 1365 1.211 1.374 2.475 1.688 19.683 50.25 43.75
11X 1366 1.199 1.311 2.256 1.167 19.295 54.75 43.75
11X 1367 0.952 1.606 2.276 1.384 19.051 55.75 43.75
11X 1368 1.159 1.111 2.239 1.109 18.658 55.75 43.25
11X 1369 1.063 1.340 2.164 1.135 18.765 55.25 44.75
11X 1370 1.168 1.153 1.963 0.869 18.677 55.25 45.25
11X 1371 1.146 0.967 2.093 0.857 18.504 55.25 44.25
11X 1372 1.254 1.186 2.050 0.956 18.878 54.75 44.75
11X 1373 1.285 1.317 2.219 1.151 19.059 54.75 44.25
11X 1374 1.365 1.458 2.172 1.196 19.630 54.25 43.75
11X 1375 1.737 1.358 1.963 0.773 19.586 53.75 44.75
11X 1376 2.080 1.200 2.609 1.465 20.828 50.25 43.75
11X 1377 1.740 1.542 2.636 1.557 19.957 50.75 43.75
11X 1378 1.389 1.435 2.719 1.774 19.700 52.75 42.25
11X 1379 1.591 0.916 2.525 1.264 19.190 50.25 43.75
11X 1380 1.557 0.960 2.352 1.157 18.747 52.25 44.25
11X 1381 1.380 1.350 1.961 0.918 18.314 55.25 45.75
11X 1382 1.471 0.874 2.134 0.757 18.509 53.75 44.75
11X 1383 1.074 1.030 2.080 0.985 18.303 55.25 44.25
11X 1384 0.820 1.236 2.187 1.205 18.479 56.25 43.75
11X 1385 1.096 1.116 1.621 0.790 18.168 54.25 46.25
11X 1386 1.276 1.398 1.873 0.975 18.443 55.75 45.25
11X 1387 1.264 0.761 2.239 0.873 18.607 55.75 44.75
11X 1388 1.214 1.178 1.880 0.880 18.571 55.25 45.25
11X 1389 1.350 1.001 2.208 0.966 18.916 54.25 44.25
13A 1350 1.219 1.669 2.400 1.503 20.478 55.25 42.25
13A 1351 2.081 1.474 2.772 1.692 22.005 50.25 43.25
13A 1352 2.327 2.144 2.765 2.492 23.269 50.25 42.75
13A 1353 2.486 2.386 2.392 1.518 23.022 50.25 44.75
13A 1354 2.605 2.603 2.410 1.955 23.834 50.25 44.25
13A 1355 2.044 2.757 2.542 2.439 23.819 50.25 44.25
13A 1356 2.413 2.756 2.690 2.316 24.095 51.25 43.75
13A 1357 2.382 2.790 2.586 2.342 24.202 50.25 44.25
13A 1358 2.528 2.782 2.584 2.330 24.345 50.25 44.25
13A 1359 2.497 2.680 2.717 2.414 25.181 50.25 43.25
15F 1350 1.363 1.372 2.388 1.461 20.424 54.25 42.75
15F 1351 1.896 1.806 2.825 1.816 21.671 50.25 43.25
15F 1352 2.060 1.813 2.602 1.616 21.494 50.25 44.25
15F 1353 1.591 2.347 2.720 2.041 21.364 50.25 43.75
15F 1354 1.637 2.193 2.566 1.667 21.374 50.25 44.75
15F 1355 1.502 1.982 2.728 2.305 21.563 50.25 43.25
15F 1356 1.840 1.565 2.467 1.366 20.748 52.75 43.75
15F 1357 1.719 1.288 2.606 1.573 21.172 50.25 44.25
15F 1358 1.687 1.313 2.588 1.325 20.689 50.25 43.75
15F 1359 1.869 1.646 2.700 1.699 21.341 50.25 43.75
15F 1360 1.805 2.076 2.513 1.618 20.984 50.25 44.75
15F 1361 1.498 2.197 2.505 2.000 20.730 50.25 44.75
15F 1362 1.327 1.641 2.664 1.741 19.832 50.25 43.75
15F 1363 1.315 1.466 2.781 1.791 20.352 50.25 43.25
15F 1364 1.101 1.722 2.634 2.067 20.628 50.25 43.25
15F 1365 1.052 1.532 2.134 1.207 20.031 55.25 43.25
15F 1366 1.595 1.596 2.612 1.455 20.352 50.25 43.75
15F 1367 1.488 1.728 2.644 1.800 20.589 50.25 43.75
15F 1368 1.135 1.382 2.400 1.271 19.741 50.25 44.25
15F 1369 1.325 1.519 2.509 1.558 19.603 54.25 43.75
15F 1370 1.743 1.124 2.130 0.929 19.164 50.25 45.75
15F 1371 1.256 1.501 2.435 1.481 19.482 51.75 43.75
15F 1372 1.193 1.177 2.346 1.261 19.146 50.25 43.25
15F 1373 1.137 0.985 2.178 0.993 19.084 55.75 43.25
15F 1374 1.390 1.170 2.348 1.248 19.513 54.75 43.75
15F 1375 1.215 1.326 2.188 1.245 18.931 55.25 43.75
15F 1376 1.149 1.561 2.170 1.314 18.961 54.25 44.25
15F 1377 1.201 1.454 2.029 1.143 18.936 50.25 45.25
15F 1378 1.494 1.315 2.343 1.257 19.424 54.25 43.75
15F 1379 1.277 1.358 2.613 1.595 19.898 51.25 43.75
16C 1350 0.951 1.972 2.297 1.625 20.268 55.25 43.25
16C 1351 1.897 1.939 2.709 1.674 21.500 50.25 43.75
16C 1352 2.314 1.812 2.631 1.805 22.004 50.25 43.75
16C 1353 1.999 2.077 2.634 2.160 22.019 50.25 44.25
16C 1354 2.403 1.653 2.655 1.563 21.643 50.25 43.75
16C 1355 2.408 2.295 2.490 1.806 21.519 50.25 44.25
16C 1356 2.881 1.946 2.460 1.556 22.764 50.25 44.75
16C 1357 2.615 1.537 2.704 1.887 22.332 50.25 43.75
16C 1358 3.063 2.050 2.432 1.777 23.027 50.25 44.75
16C 1359 2.953 1.785 2.528 1.501 22.090 50.25 44.75
16C 1360 2.499 1.969 2.527 1.474 21.822 50.25 44.75
16C 1361 2.551 2.708 2.443 2.188 22.605 50.25 44.75
16C 1362 2.595 1.950 2.673 2.095 21.582 50.25 43.75
16C 1363 2.429 1.967 2.663 1.795 21.230 50.25 44.25
16C 1364 2.148 1.753 2.653 1.763 20.974 50.25 43.75
16C 1365 2.614 2.187 2.277 1.488 21.133 50.25 45.75
16C 1366 2.588 1.696 2.603 1.739 21.467 50.25 43.75
16C 1367 2.521 1.562 2.783 2.121 21.609 50.25 43.25
16C 1368 2.561 1.104 2.676 1.832 21.019 50.25 43.75
16C 1369 2.734 1.350 2.377 1.310 20.622 50.25 45.75
16C 1370 2.255 1.231 2.531 1.403 20.317 50.25 44.25
16C 1371 2.093 1.084 2.506 1.251 20.478 50.25 44.75
16C 1372 2.369 1.354 2.594 1.662 20.667 50.25 44.25
16C 1373 2.395 1.202 2.642 1.765 20.821 50.25 43.75
16C 1374 1.916 1.200 2.568 1.453 20.259 50.25 44.25
16C 1375 1.972 1.185 2.314 1.021 20.009 50.25 45.25
16C 1376 1.340 1.379 2.566 1.482 19.589 53.25 44.25
16C 1377 1.223 0.955 2.668 1.358 19.206 50.25 43.75
16C 1378 1.189 1.653 2.430 1.398 19.134 50.25 44.25
16C 1379 1.166 1.594 2.401 1.418 18.828 54.75 43.75
16C 1380 1.107 1.071 2.262 1.111 18.531 55.25 44.25
16C 1381 1.068 1.257 1.851 0.836 18.289 56.75 46.25
16C 1382 1.308 1.281 1.972 0.931 18.378 54.75 44.75
16C 1383 1.551 1.015 1.798 0.704 18.668 54.75 46.25
16C 1384 1.781 1.032 1.928 0.592 18.748 52.25 46.75
16C 1385 1.333 0.919 1.819 0.512 17.921 52.25 47.25
16C 1386 1.423 0.873 2.146 0.755 18.758 54.25 46.25
16C 1387 1.495 0.920 2.060 0.743 18.737 50.25 46.25
16C 1388 1.466 0.768 2.252 0.889 18.942 52.75 45.75
16C 1389 1.395 0.898 1.985 0.725 18.437 53.25 45.25
16D 1350 1.494 1.423 2.242 1.186 20.025 53.75 44.25
16D 1351 1.408 1.904 2.598 1.756 21.128 50.25 43.75
16D 1352 2.394 1.847 2.567 1.731 22.583 50.25 44.25
16D 1353 2.914 1.813 2.764 2.103 23.601 50.25 43.75
16D 1354 3.158 1.884 2.560 1.676 23.598 50.25 44.25
16D 1355 2.657 2.263 2.609 2.197 23.421 50.25 44.25
16D 1356 2.044 2.166 2.725 2.314 22.648 50.25 43.75
16D 1357 2.732 2.403 2.493 1.638 23.341 50.25 44.25
16D 1358 2.702 2.428 2.512 1.920 23.303 50.25 44.75
16D 1359 2.905 2.447 2.671 2.296 23.668 50.25 43.75
16D 1360 2.825 2.725 2.288 2.220 23.373 50.25 45.25
16D 1361 3.012 1.847 2.332 1.254 21.950 50.25 45.75
16D 1362 2.758 1.755 2.416 1.396 21.824 50.25 44.75
16D 1363 2.060 1.983 2.709 2.018 21.465 50.25 43.25
16D 1364 1.793 1.702 2.653 1.483 21.149 50.25 43.75
16D 1365 1.952 2.211 2.390 1.349 20.825 50.25 44.75
16D 1366 2.219 1.896 2.763 2.171 21.533 50.25 42.75
16D 1367 2.303 1.857 2.528 1.911 20.979 50.25 44.25
16D 1368 2.353 1.265 2.674 1.460 20.587 50.25 43.75
16D 1369 2.276 1.597 2.469 1.691 21.208 50.25 44.75
16D 1370 2.128 1.740 2.468 1.668 20.825 50.25 44.25
16D 1371 2.243 1.368 2.635 1.847 20.917 50.25 43.75
16D 1372 2.408 1.248 2.458 1.460 20.606 50.25 44.75
16D 1373 2.335 1.321 2.468 1.520 20.431 50.25 44.75
16D 1374 2.589 1.220 2.527 1.276 20.863 50.25 44.25
16D 1375 2.298 1.289 2.686 1.506 20.919 50.25 43.25
16D 1376 2.597 1.390 2.578 1.682 20.910 50.25 43.75
16D 1377 2.470 1.034 2.569 1.350 20.976 50.25 43.75
16D 1378 2.496 1.395 2.209 1.043 19.895 50.25 44.25
16D 1379 1.890 1.265 2.488 1.371 19.847 50.25 44.75
16D 1380 1.915 1.236 2.302 1.015 19.479 50.25 45.75
16D 1381 1.082 1.384 2.342 1.195 18.838 50.25 45.25
16D 1382 1.095 1.316 2.208 1.172 18.162 51.75 43.75
16D 1383 0.982 1.213 1.874 0.898 18.551 56.75 45.25
16D 1384 1.060 1.276 2.136 1.024 18.498 51.25 46.75
16D 1385 1.406 0.923 1.876 0.659 18.601 54.25 45.75
16D 1386 1.821 1.014 2.259 0.969 19.682 50.25 45.75
16D 1387 1.972 1.153 2.471 1.394 19.943 50.25 45.25
16D 1388 1.381 0.837 2.696 1.541 19.235 50.25 43.25
16D 1389 1.292 0.758 2.023 0.647 18.162 55.25 44.75
16E_1990 1350 1.315 1.555 2.247 1.331 20.207 54.75 44.25
16E_1990 1351 1.717 1.991 2.742 1.802 21.143 50.25 43.75
16E_1990 1352 2.329 2.255 2.689 2.060 21.646 50.25 44.25
16E_1990 1353 2.434 2.107 2.470 1.646 21.788 50.25 44.75
16E_1990 1354 2.875 2.441 2.472 2.027 22.975 50.25 44.75
16E_1990 1355 2.999 2.460 2.555 2.219 23.446 50.25 44.25
16E_1990 1356 2.627 2.061 2.407 1.511 21.957 50.25 45.25
16E_1990 1357 2.407 1.804 2.215 1.221 20.679 50.25 45.75
16E_1990 1358 2.546 2.023 2.373 1.257 20.863 50.25 44.25
16E_1990 1359 2.142 1.694 2.737 1.697 20.641 50.25 43.25
16E_1990 1360 1.807 1.750 2.410 1.433 20.168 50.25 44.75
16E_1990 1361 2.467 1.523 2.531 1.389 21.031 50.25 44.75
16E_1990 1362 1.940 1.966 2.525 2.006 20.886 50.25 44.75
16E_1990 1363 2.154 1.111 2.475 1.198 20.112 50.25 44.25
16E_1990 1364 2.235 1.495 2.589 1.267 20.343 50.25 43.75
16E_1990 1365 2.235 1.524 2.502 1.649 20.663 50.25 44.75
16E_1990 1366 1.549 1.671 2.352 1.164 19.018 50.25 44.75
16E_1990 1367 1.169 1.686 2.173 1.227 19.029 53.75 44.25
16E_1990 1368 0.702 1.345 2.576 1.617 18.469 55.25 43.25
16E_1990 1369 1.371 1.160 2.037 0.945 18.246 55.75 45.75
16E_1990 1370 0.861 1.039 2.053 0.635 17.667 54.75 46.25
16E_1990 1371 1.058 1.128 1.891 0.772 17.910 55.75 44.75
16E_1990 1372 1.159 0.985 1.787 0.679 17.740 55.75 46.25
16E_1990 1373 1.320 0.989 1.799 0.530 17.690 54.75 47.25
16E_1990 1374 0.880 1.300 2.119 0.992 17.932 52.25 45.25
16E_1990 1375 0.854 1.144 2.335 1.234 17.842 56.25 45.25
16E_1990 1376 1.064 1.131 1.764 0.572 17.382 55.25 47.25
16E_1990 1377 1.240 1.317 1.861 0.901 17.796 56.25 46.25
16E_1990 1378 0.888 1.322 2.175 1.117 18.210 50.25 44.75
16E_1990 1379 0.954 1.019 2.093 0.763 17.392 55.25 45.25
16E_1990 1380 1.064 1.058 1.992 0.795 17.655 55.75 45.75
16E_1990 1381 1.211 1.040 1.735 0.491 17.452 56.25 47.75
16E_1990 1382 1.157 1.044 1.966 0.799 17.829 56.25 45.75
16E_1990 1383 1.275 1.029 1.885 0.652 18.155 55.75 45.75
16E_1990 1384 1.406 0.802 1.942 0.582 17.966 54.25 45.75
16E_1990 1385 0.936 1.009 2.044 0.810 17.531 55.25 45.25
16E_1990 1386 1.311 1.111 2.304 1.018 18.225 50.25 45.25
16E_1990 1387 1.050 1.103 2.170 0.939 17.720 50.25 45.75
16E_1990 1388 1.010 1.109 1.822 0.685 17.366 54.75 47.25
16E_1990 1389 0.996 1.126 2.042 0.793 17.767 55.25 45.75
16E_1990 1390 1.557 0.844 2.394 1.010 18.562 50.25 44.75
16E_1990 1391 1.481 1.053 2.512 1.200 18.959 50.25 44.75
16E_1990 1392 0.922 0.710 2.305 1.002 17.959 56.25 44.75
16E_1990 1393 0.708 0.810 2.110 0.697 17.485 54.75 43.25
16E_1990 1394 0.455 1.099 2.009 0.937 17.553 57.25 44.75
16E_1990 1395 0.973 1.452 1.725 0.688 17.933 56.25 47.75
16E_1990 1396 1.057 1.017 1.839 0.534 17.563 54.25 46.25
16E_1990 1397 0.749 0.932 1.883 0.572 17.590 55.75 45.75
16E_1990 1398 0.890 1.340 1.692 0.876 17.752 55.75 46.75
16E_1990 1399 0.563 0.954 1.697 0.623 16.964 57.75 45.25
16E_1990 1400 0.767 0.897 1.572 0.610 17.177 56.25 45.75
16E_1990 1401 0.866 0.783 1.623 0.517 17.336 55.75 46.25
16E_1990 1402 0.772 0.697 1.959 0.606 17.695 55.25 45.25
16E_1990 1403 1.029 1.212 1.374 0.665 17.484 55.75 52.25
16E_1990 1404 0.740 1.308 1.504 0.847 17.455 57.75 44.25
16E_1990 1405 1.269 1.134 1.277 0.747 17.483 55.75 45.75
16E_1990 1406 1.340 1.080 1.405 0.444 17.636 55.25 51.75
16E_1990 1407 1.187 1.173 1.603 0.530 17.541 55.75 50.25
16E_1990 1408 1.134 1.147 1.922 0.611 17.590 53.75 46.25
16E_1990 1409 0.930 1.056 1.897 0.595 17.130 56.25 45.75
16E_1990 1410 0.964 1.067 1.978 0.716 17.382 51.75 45.25
16E_1990 1411 0.843 1.149 2.089 1.023 17.153 57.75 45.25
16E_1990 1412 0.785 1.198 1.439 0.735 16.569 57.25 46.25
16E_1990 1413 0.731 1.126 1.715 0.706 17.142 55.25 46.75
16E_1990 1414 1.022 0.907 1.533 0.506 16.928 56.25 50.75
16E_1990 1415 0.875 1.067 1.911 0.641 17.571 55.75 45.25
16E_1990 1416 0.774 1.168 1.732 0.657 17.248 56.25 45.75
16E_1990 1417 1.090 0.957 1.751 0.508 17.504 55.75 46.75
16E_1990 1418 1.375 1.118 1.544 0.638 17.752 55.75 46.75
16E_1990 1419 1.068 1.271 1.941 0.760 18.063 52.25 47.75
16E 1350 1.232 1.728 2.436 1.453 20.273 54.75 43.25
16E 1351 2.196 1.585 2.585 1.616 21.947 50.25 44.25
16E 1352 2.353 1.828 2.821 1.885 22.611 50.25 44.25
16E 1353 2.494 2.028 2.837 2.251 23.089 50.25 42.75
16E 1354 2.716 2.315 2.695 2.553 23.674 50.25 43.75
16E 1355 2.735 2.059 2.540 1.588 22.880 50.25 44.25
16E 1356 2.670 2.158 2.378 1.411 23.017 50.25 45.75
16E 1357 2.940 2.364 2.365 1.699 23.247 50.25 45.25
16E 1358 2.765 2.398 2.420 1.629 23.103 50.25 45.25
16E 1359 2.778 2.289 2.640 1.781 23.174 50.25 43.25
16E 1360 3.079 2.214 2.600 1.624 23.082 50.25 44.25
16E 1361 3.157 2.277 2.715 1.981 23.037 50.25 43.25
16E 1362 3.299 2.004 2.533 2.241 23.374 50.25 44.75
16E 1363 2.451 2.207 2.638 1.864 22.254 50.25 43.75
16E 1364 2.131 2.299 2.489 1.626 21.457 50.25 44.75
16E 1365 1.515 2.265 2.555 1.949 21.354 50.25 44.25
16E 1366 1.389 2.410 2.577 1.910 21.128 50.25 43.75
16E 1367 1.467 2.007 2.425 1.326 20.453 50.25 44.75
16E 1368 1.333 2.182 2.423 1.528 20.087 53.25 44.75
16E 1369 1.336 1.928 2.414 1.365 20.313 50.25 44.75
16E 1370 1.614 2.064 2.328 1.372 20.078 50.25 44.75
16E 1371 2.170 2.316 2.451 1.731 21.068 50.25 44.75
16E 1372 2.650 1.725 2.300 1.477 20.835 50.25 45.75
16E 1373 2.775 1.678 2.313 1.058 20.159 50.25 45.75
16E 1374 2.164 1.616 2.667 1.881 20.501 50.25 43.75
16E 1375 2.240 1.535 2.449 1.425 19.915 50.25 44.75
16E 1376 2.010 1.308 2.637 1.654 20.201 50.25 43.75
16E 1377 1.325 2.079 2.456 1.403 20.081 50.25 44.75
16E 1378 1.266 2.317 2.096 1.377 19.677 56.25 45.75
16E 1379 1.922 1.675 2.465 1.742 20.481 50.25 44.25
16E 1380 1.903 1.309 2.367 1.228 19.744 50.25 44.75
16E 1381 1.614 1.319 2.151 1.082 19.054 50.25 46.25
16E 1382 1.649 1.284 2.328 1.090 19.437 50.25 45.25
16E 1383 2.468 1.095 2.031 0.670 19.423 50.25 48.75
16E 1384 2.319 1.092 2.539 1.346 20.150 50.25 44.25
16E 1385 2.446 0.970 2.369 1.066 19.598 50.25 45.25
16E 1386 2.937 1.081 2.328 1.073 20.441 50.25 45.75
16E 1387 3.163 1.739 2.228 1.430 21.521 50.25 46.25
16E 1388 2.886 1.250 2.274 1.259 20.674 50.25 46.25
16E 1389 2.886 1.077 2.384 1.359 20.921 50.25 45.25
PI200_all3 1560 0.876 1.637 2.385 1.562 19.079 55.75 43.75
PI200_all3 1561 1.283 0.993 2.383 1.080 19.105 54.75 44.75
PI200_all3 1562 1.605 1.456 2.256 0.982 19.298 50.25 45.75
PI200_all3 1563 1.843 1.215 1.851 0.558 19.168 51.75 48.75
PI200_all3 1564 1.852 1.335 1.990 0.826 20.072 52.75 47.25
PI200_all3 1565 0.888 1.859 2.070 1.399 19.207 56.25 44.25
PI200_all3 1566 1.636 1.600 2.201 1.085 19.542 50.25 45.75
PI200_all3 1567 1.844 1.438 2.331 1.359 19.524 50.25 45.25
PI200_all3 1568 1.793 1.138 1.952 0.590 18.789 50.25 46.75
PI200_all3 1569 1.600 1.204 2.040 0.768 19.124 52.25 46.75
PI200_all3 1570 1.746 1.707 1.677 0.729 19.475 54.25 50.75
PI200_all3 1571 1.112 1.784 2.352 1.395 19.358 50.25 44.75
PI200_all3 1572 1.169 1.346 2.133 1.099 18.813 50.25 45.75
PI200_all3 1573 1.208 1.369 1.780 0.941 18.493 55.75 44.75
PI200_all3 1574 0.954 1.525 2.148 1.204 18.635 56.25 44.75
PI200_all3 1575 0.849 1.740 1.548 0.922 18.502 56.75 45.25
PI200_all3 1576 0.905 1.916 1.419 0.868 18.360 55.75 51.25
PI200_all3 1577 0.951 1.592 1.860 1.085 18.351 55.75 46.75
PI200_all3 1578 1.034 1.340 1.760 0.876 18.107 56.75 46.25
PI200_all3 1579 1.235 1.586 2.013 0.933 18.777 54.25 47.25
PI200_cavg06 1600 0.881 1.676 1.973 1.075 18.722 55.75 45.75
PI200_cavg06 1601 1.445 1.799 1.817 0.891 19.233 54.75 46.75
PI200_cavg06 1602 1.208 1.916 1.949 0.987 19.176 56.25 45.75
PI200_cavg06 1603 1.304 1.362 1.857 0.959 18.885 55.75 47.25
PI200_cavg06 1604 1.626 1.832 2.382 1.401 19.968 50.25 44.75
PI200_cavg06 1605 1.594 1.331 2.521 1.141 19.234 52.25 44.25
PI200_cavg06 1606 1.179 1.287 1.797 0.745 18.123 54.75 47.75
PI200_cavg06 1607 1.511 1.234 2.089 0.801 18.997 54.75 45.75
PI200_cavg06 1608 1.303 1.148 2.278 0.939 18.708 53.75 44.25
PI200_cavg06 1609 1.457 1.208 2.584 1.417 19.581 50.25 43.75
PI200_cavg06 1610 1.343 1.348 2.301 1.221 18.883 52.75 45.75
PI200_cavg06 1611 0.955 1.014 2.066 0.766 18.087 55.75 45.25
PI200_cavg06 1612 1.194 1.001 1.765 0.583 18.175 56.25 46.75
PI200_cavg06 1613 1.086 1.509 1.943 0.930 18.702 56.75 44.25
PI200_cavg06 1614 1.069 1.908 1.809 1.036 18.732 56.75 46.25
PI200_cavg06 1615 1.110 1.772 1.867 1.099 18.986 56.75 45.75
PI200_cavg06 1616 1.427 1.361 1.989 0.887 18.689 55.25 44.75
PI200_cavg06 1617 1.471 1.577 1.605 0.704 18.480 54.75 48.75
PI200_cavg06 1618 0.851 1.544 1.709 0.987 18.288 56.25 47.25
PI200_cavg06 1619 1.693 1.104 1.816 0.651 18.944 54.25 47.25
PI200_gmR1500 1580 1.533 1.280 1.645 0.617 18.678 54.25 44.75
PI200_gmR1500 1581 0.969 1.429 1.708 0.726 17.971 55.25 45.25
PI200_gmR1500 1582 1.009 1.748 2.006 1.010 18.531 56.25 45.25
PI200_gmR1500 1583 0.688 2.023 1.805 0.981 18.524 57.75 46.75
PI200_gmR1500 1584 1.142 1.475 1.938 0.838 18.322 55.25 44.75
PI200_gmR1500 1585 1.051 1.476 1.865 0.975 18.562 56.25 44.25
PI200_gmR1500 1586 0.786 1.444 1.849 0.907 18.248 57.25 45.25
PI200_gmR1500 1587 0.910 1.162 1.858 0.666 18.142 55.75 46.75
PI200_gmR1500 1588 1.060 1.317 1.832 0.685 18.422 56.75 46.25
PI200_gmR1500 1589 0.790 1.368 1.781 0.779 18.048 56.25 46.75
PI200_gmR1500 1590 0.945 1.111 1.871 0.640 18.351 54.75 46.75
PI200_gmR1500 1591 0.953 1.586 2.056 1.021 19.129 55.75 45.25
PI200_gmR1500 1592 0.900 1.501 1.806 0.686 18.689 57.75 46.75
PI200_gmR1500 1593 1.244 1.780 1.798 1.053 19.290 54.75 46.75
PI200_gmR1500 1594 1.055 1.367 1.970 0.802 18.893 55.25 44.75
PI200_gmR1500 1595 0.704 1.418 1.894 0.897 18.627 57.25 45.75
PI200_gmR1500 1596 1.018 1.226 1.805 0.766 18.942 55.75 46.25
PI200_gmR1500 1597 1.366 1.453 1.720 0.706 18.856 54.75 47.25
PI200_gmR1500 1598 1.245 1.291 2.079 0.900 18.850 55.25 42.75
PI200_gmR1500 1599 1.131 1.818 1.903 1.042 19.377 54.75 46.75
PI200_gmR2500 1580 1.053 1.452 1.723 0.578 18.446 55.25 46.25
PI200_gmR2500 1581 0.905 1.984 1.832 1.054 18.671 56.75 44.75
PI200_gmR2500 1582 1.380 1.779 1.980 1.050 19.034 55.25 43.75
PI200_gmR2500 1583 1.475 1.742 1.774 0.600 19.290 53.75 48.25
PI200_gmR2500 1584 0.941 2.181 1.907 0.983 19.389 57.75 46.75
PI200_gmR2500 1585 0.967 2.150 1.903 0.839 19.841 53.75 48.25
PI200_gmR2500 1586 1.225 1.759 1.903 0.804 19.732 54.25 47.75
PI200_gmR2500 1587 1.391 1.860 2.409 1.354 20.691 50.25 44.75
PI200_gmR2500 1588 1.604 1.796 2.257 1.097 20.606 50.25 46.25
PI200_gmR2500 1589 1.058 1.947 2.262 1.321 20.337 50.25 46.25
PI200_gmR2500 1590 1.116 1.813 2.227 1.063 19.737 50.25 45.75
PI200_gmR2500 1591 1.115 1.547 2.259 0.897 19.790 54.75 44.25
PI200_gmR2500 1592 1.234 2.015 1.868 0.831 20.301 55.75 45.75
PI200_gmR2500 1593 1.218 1.935 1.770 0.795 19.795 56.75 45.75
PI200_gmR2500 1594 1.375 2.050 2.072 0.994 19.974 50.25 46.75
PI200_gmR2500 1595 0.999 1.992 2.005 1.042 19.300 56.25 46.75
PI200_gmR2500 1596 1.094 2.406 1.610 0.950 20.217 55.25 48.25
PI200_gmR2500 1597 0.662 2.024 2.227 0.996 20.016 55.75 44.25
PI200_gmR2500 1598 1.401 2.172 2.145 1.201 21.116 54.25 44.75
PI200_gmR2500 1599 0.780 2.303 2.408 1.549 21.056 50.25 44.25
PI200_h0 1560 1.114 1.207 2.161 0.910 18.289 55.75 44.25
PI200_h0 1561 1.137 1.159 2.204 1.069 18.093 54.75 44.25
PI200_h0 1562 1.468 1.239 1.993 0.827 18.832 53.25 45.75
PI200_h0 1563 1.392 1.282 2.155 0.962 19.088 50.25 44.75
PI200_h0 1564 1.190 0.964 2.072 0.725 18.777 56.25 43.75
PI200_h0 1565 1.257 1.364 2.161 1.282 19.605 54.75 44.25
PI200_h0 1566 1.274 1.145 2.560 1.414 19.848 50.25 44.25
PI200_h0 1567 1.164 1.410 1.775 0.875 18.848 55.75 45.75
PI200_h0 1568 0.788 1.189 1.999 1.044 18.726 57.25 43.75
PI200_h0 1569 0.951 1.552 1.548 0.808 18.772 57.25 45.25
PI200_h0 1570 1.018 1.166 1.431 0.578 18.273 56.25 44.75
PI200_h0 1571 1.077 1.335 1.340 0.567 17.900 56.25 47.25
PI200_h0 1572 1.342 1.442 1.165 0.540 18.641 55.75 55.75
PI200_h0 1573 1.517 1.527 1.343 0.593 18.744 53.75 51.25
PI200_h0 1574 0.978 1.269 1.811 0.626 18.008 55.25 47.25
PI200_h0 1575 1.027 1.298 1.706 0.662 17.945 55.25 46.75
PI200_h0 1576 1.010 1.474 1.673 0.801 18.257 55.25 46.75
PI200_h0 1577 1.114 1.356 1.776 0.849 18.554 56.75 45.75
PI200_h0 1578 1.062 1.132 1.823 0.698 18.399 55.75 47.25
PI200_h0 1579 1.530 1.216 1.803 0.669 18.533 55.75 47.75
PI200_mle 1560 1.157 1.528 1.926 1.160 18.883 55.75 44.75
PI200_mle 1561 1.562 1.071 2.115 0.720 18.665 50.25 47.25
PI200_mle 1562 2.220 1.399 2.088 0.955 19.769 50.25 46.25
PI200_mle 1563 2.039 0.842 2.247 0.851 19.580 50.25 45.25
PI200_mle 1564 2.181 0.969 2.290 0.908 20.019 50.25 45.25
PI200_mle 1565 2.018 1.368 1.785 0.664 19.613 51.75 48.75
PI200_mle 1566 1.305 1.708 2.322 1.377 20.077 54.25 44.25
PI200_mle 1567 1.743 1.496 2.512 1.488 20.290 50.25 44.25
PI200_mle 1568 1.324 1.762 2.453 1.534 19.886 50.75 44.75
PI200_mle 1569 1.675 1.669 2.501 1.377 20.112 50.25 44.25
PI200_mle 1570 1.067 1.675 2.317 1.234 19.185 54.25 44.75
PI200_mle 1571 0.938 1.565 2.004 1.167 18.418 56.25 44.25
PI200_mle 1572 0.731 1.619 2.039 1.219 18.749 57.25 44.25
PI200_mle 1573 1.239 1.230 1.670 0.690 18.315 55.75 45.75
PI200_mle 1574 1.313 1.396 0.842 0.570 17.628 55.25 55.25
PI200_mle 1575 1.025 1.336 1.401 0.726 18.057 56.75 46.25
PI200_mle 1576 1.097 0.966 1.366 0.470 17.734 56.25 46.75
PI200_mle 1577 0.575 1.219 1.637 0.680 17.536 57.75 46.75
PI200_mle 1578 0.924 1.232 1.625 0.798 17.491 57.75 46.75
PI200_mle 1579 1.009 1.437 1.663 0.706 18.014 56.25 45.75
PI200_spp 1560 1.442 1.275 2.048 0.986 18.922 55.25 44.75
PI200_spp 1561 1.922 1.405 2.326 1.123 19.705 51.25 44.25
PI200_spp 1562 1.737 1.309 2.395 1.297 19.529 52.25 44.25
PI200_spp 1563 2.008 1.110 2.362 1.059 19.651 50.25 45.25
PI200_spp 1564 1.685 1.353 2.591 1.498 19.670 50.25 44.25
PI200_spp 1565 1.933 1.647 2.421 1.435 20.156 50.25 45.25
PI200_spp 1566 1.952 1.335 2.248 1.077 20.077 50.25 46.25
PI200_spp 1567 1.124 1.605 2.499 1.659 19.825 50.25 43.75
PI200_spp 1568 1.244 1.432 1.779 0.628 18.656 54.25 46.75
PI200_spp 1569 0.732 1.387 1.913 0.858 17.964 55.25 44.75
PI200_spp 1570 1.081 1.285 1.654 0.887 18.199 56.25 46.25
PI200_spp 1571 0.889 1.143 1.648 0.568 17.724 57.75 46.75
PI200_spp 1572 0.944 1.197 1.217 0.429 17.629 56.25 50.75
PI200_spp 1573 0.671 1.257 1.620 0.565 17.143 55.75 46.25
PI200_spp 1574 1.153 0.830 1.569 0.277 17.440 55.75 50.25
PI200_spp 1575 1.397 0.937 1.945 0.673 18.467 54.75 44.25
PI200_spp 1576 0.934 1.384 1.814 0.735 18.246 55.75 46.25
PI200_spp 1577 1.149 1.269 1.782 0.553 18.423 55.25 46.75
PI200_spp 1578 0.908 1.402 1.687 0.650 18.161 55.25 48.75
PI200_spp 1579 1.018 1.345 1.928 0.904 18.410 55.25 45.25
PI200 1390 2.496 1.364 2.467 1.447 20.253 50.25 44.25
PI200 1391 2.392 1.181 2.479 1.304 19.975 50.25 44.75
PI200 1392 2.520 1.052 2.605 1.286 20.445 50.25 44.25
PI200 1393 2.213 1.315 2.685 1.546 20.600 50.25 43.75
PI200 1394 2.417 1.166 2.619 1.522 20.820 50.25 43.75
PI200 1395 1.795 1.270 2.467 1.330 19.681 50.25 44.25
PI200 1396 1.616 0.950 2.660 1.276 19.609 52.75 43.25
PI200 1397 1.280 1.087 2.470 1.107 19.473 50.75 43.75
PI200 1398 1.099 1.186 1.966 0.656 19.002 51.75 48.25
PI200 1399 0.855 1.379 1.918 0.856 18.668 55.75 44.25
PI200 1400 0.693 1.516 1.649 1.134 18.673 56.25 46.75
PI200 1401 0.931 1.122 1.277 0.486 17.781 56.25 55.25
PI200 1402 1.248 1.655 1.451 0.816 18.303 55.25 48.25
PI200 1403 1.308 1.284 2.072 0.991 18.659 55.75 43.25
PI200 1404 1.211 0.978 1.820 0.537 18.241 55.25 47.25
PI200 1405 1.371 1.170 1.572 0.568 18.386 56.25 50.75
PI200 1406 1.157 0.939 1.831 0.558 18.366 56.25 46.75
PI200 1407 1.137 1.619 2.278 1.168 18.796 52.75 45.75
PI200 1408 1.406 1.367 1.829 0.629 18.348 55.25 47.75
PI200 1409 1.024 1.416 2.399 1.223 18.638 53.75 44.25
PI200 1410 1.020 1.058 1.956 0.706 18.030 56.25 45.25
PI200 1411 1.272 1.131 1.763 0.621 17.849 55.25 46.75
PI200 1412 0.812 1.380 1.991 0.955 18.065 55.25 46.75
PI200 1413 0.975 1.086 1.771 0.540 17.665 55.75 47.75
PI200 1414 0.965 0.992 1.816 0.543 17.500 55.75 45.75
PI200 1415 0.972 1.011 1.807 0.604 17.856 55.75 45.25
PI200 1416 1.090 1.120 1.735 0.548 17.695 55.75 47.25
PI200 1417 1.040 1.106 1.669 0.554 17.816 57.25 47.75
PI200 1418 1.071 1.560 1.674 0.732 18.274 56.25 47.25
PI200 1419 1.289 1.468 1.726 1.026 18.670 54.75 46.25
PI200 1420 1.507 0.982 1.790 0.457 18.304 55.25 48.75
PI200 1421 1.154 1.249 2.241 1.098 18.846 53.75 45.75
PI200 1422 1.239 1.216 1.936 0.777 18.069 55.25 44.75
PI200 1423 0.838 1.339 1.949 1.123 18.015 56.75 44.25
PI200 1424 0.664 1.365 1.967 1.034 18.250 56.25 44.75
PI200 1425 0.666 1.397 1.994 1.048 17.927 57.75 44.75
PI200 1426 1.042 1.283 1.730 0.849 17.789 56.25 46.75
PI200 1427 1.168 1.091 1.867 0.676 17.848 55.25 46.25
PI200 1428 1.494 1.435 1.809 0.786 18.362 55.75 47.25
PI200 1429 0.907 1.382 1.849 1.002 17.979 56.25 44.75
PI200 1430 1.061 1.045 1.723 0.534 17.854 54.25 47.75
PI200 1431 1.339 0.961 1.691 0.517 18.383 54.75 47.25
PI200 1432 1.138 1.485 1.905 1.035 19.005 55.25 44.25
PI200 1433 1.071 1.591 1.840 0.862 18.460 55.75 47.75
PI200 1434 1.193 1.305 1.761 0.880 18.177 56.25 45.25
PI200 1435 1.148 1.197 2.425 1.200 18.769 50.25 44.25
PI200 1436 1.152 1.221 2.010 0.891 18.611 55.25 45.25
PI200 1437 1.577 1.062 2.182 0.841 18.758 50.25 46.25
PI200 1438 0.990 1.467 1.671 0.920 17.740 56.25 44.75
PI200 1439 1.446 1.289 1.866 0.883 18.070 55.25 45.75
PI200 1440 1.417 1.153 2.386 1.117 18.961 52.75 44.75
PI200 1441 0.943 1.216 2.269 1.133 18.351 54.25 44.75
PI200 1442 1.309 1.224 1.913 0.774 18.313 54.25 47.25
PI200 1443 1.451 1.326 2.007 0.879 18.975 54.25 46.75
PI200 1444 1.357 1.243 2.234 1.024 19.370 50.25 45.75
PI200 1445 1.650 1.304 1.971 0.909 18.997 50.75 46.75
PI200 1446 1.033 1.266 2.136 1.100 18.485 55.75 44.25
PI200 1447 0.702 1.253 1.584 0.779 17.748 56.25 45.75
PI200 1448 0.836 1.136 2.071 0.945 18.246 57.25 45.25
PI200 1449 0.625 0.746 1.828 0.634 17.909 57.75 45.75
PI200 1450 0.743 1.223 1.794 0.846 17.915 57.75 46.75
PI200 1451 1.225 0.896 1.770 0.520 17.726 55.75 47.25
PI200 1452 0.766 1.054 1.794 0.597 17.402 57.75 46.75
PI200 1453 1.001 1.029 1.784 0.742 18.187 57.25 44.25
PI200 1454 0.941 1.220 1.755 0.602 18.085 55.75 47.75
PI200 1455 1.050 1.236 1.793 0.752 18.153 56.75 46.75
PI200 1456 1.114 1.417 1.746 0.880 18.381 54.75 47.25
PI200 1457 1.059 1.441 1.697 0.780 18.490 56.75 47.25
PI200 1458 1.092 1.189 1.848 0.763 18.005 56.25 46.75
PI200 1459 1.329 1.002 2.166 0.922 18.354 55.75 44.75
PI200 1460 0.858 1.008 1.856 0.626 18.075 55.75 47.25
PI200 1461 1.061 1.002 1.748 0.460 17.963 55.75 47.75
PI200 1462 1.014 1.173 1.845 0.652 18.216 55.25 46.75
PI200 1463 1.075 1.308 1.922 0.741 18.338 56.25 45.75
PI200 1464 1.157 1.363 1.586 0.555 18.328 55.75 48.25
PI200 1465 1.001 1.197 1.996 0.846 18.778 55.75 45.25
PI200 1466 1.234 1.453 1.800 0.790 18.566 54.25 47.75
PI200 1467 0.977 1.434 1.964 1.104 18.513 54.75 46.25
PI200 1468 0.979 0.925 1.949 0.708 17.555 57.75 44.25
PI200 1469 0.800 1.360 1.874 0.832 18.010 56.25 45.25
PI200 1470 1.102 1.098 1.839 0.745 18.113 57.25 45.25
PI200 1471 0.835 1.023 2.081 0.770 17.953 55.75 45.25
PI200 1472 0.735 1.166 2.120 1.045 17.682 56.75 45.25
PI200 1473 0.510 1.014 1.870 0.584 17.329 59.25 44.75
PI200 1474 0.736 1.271 1.682 0.627 17.597 57.75 46.25
PI200 1475 0.789 1.432 1.676 0.702 18.081 56.25 48.75
PI200 1476 0.594 1.737 1.596 0.809 17.766 57.25 45.75
PI200 1477 1.108 1.343 1.781 0.895 17.892 55.25 45.25
PI200 1478 0.905 1.013 1.852 0.652 17.872 56.75 46.25
PI200 1479 0.554 1.231 1.894 0.779 17.746 56.75 46.25
PI200 1480 0.607 1.734 1.782 0.882 18.265 56.75 47.25
PI200 1481 1.059 1.645 1.850 0.749 18.541 56.25 46.25
PI200 1482 1.515 1.375 2.006 0.641 18.779 52.75 46.25
PI200 1483 0.961 1.455 1.855 0.778 18.261 56.25 45.25
PI200 1484 1.178 1.254 2.127 0.834 18.892 54.25 45.25
PI200 1485 1.013 1.213 1.947 0.773 18.084 56.25 45.25
PI200 1486 1.004 1.784 1.880 0.967 18.949 55.75 45.75
PI200 1487 1.012 1.469 1.821 0.541 18.237 56.25 46.25
PI200 1488 1.426 1.818 1.844 0.627 19.177 55.25 48.75
PI200 1489 1.277 1.447 2.061 0.986 18.986 51.25 46.75
PI200 1490 0.890 1.660 2.090 1.089 18.775 56.25 45.25
PI200 1491 0.699 1.052 2.148 1.032 18.123 54.75 44.25
PI200 1492 0.865 1.027 1.767 0.772 18.073 57.75 46.25
PI200 1493 1.223 0.874 2.023 0.726 18.407 53.25 46.25
PI200 1494 0.672 1.402 2.193 0.999 18.682 54.25 46.25
PI200 1495 1.237 1.346 1.811 0.643 18.771 55.75 47.25
PI200 1496 1.302 1.551 1.847 0.596 18.901 55.25 46.25
PI200 1497 0.972 2.233 2.042 1.298 19.698 54.75 45.75
PI200 1498 0.958 1.873 2.063 1.093 18.873 55.75 45.25
PI200 1499 0.710 1.628 2.285 1.282 19.001 52.75 45.25
PI200 1500 1.122 1.423 1.781 0.572 18.487 56.25 46.75
PI200 1501 1.499 1.789 1.537 0.616 18.805 55.25 51.75
PI200 1502 1.011 1.811 2.280 0.985 19.046 55.75 44.25
PI200 1503 1.239 1.937 1.850 0.944 19.108 54.25 46.75
PI200 1504 1.265 1.938 1.751 0.750 18.824 54.75 49.25
PI200 1505 0.783 1.271 2.462 1.350 18.766 50.25 44.75
PI200 1506 0.787 1.796 1.648 0.849 18.352 57.75 47.25
PI200 1507 1.087 1.036 2.030 0.741 18.212 54.75 45.25
PI200 1508 1.052 1.105 1.775 0.672 18.255 56.75 46.75
PI200 1509 0.915 1.596 1.685 0.703 18.190 56.25 49.75
PI200 1510 0.835 1.884 1.855 1.081 18.478 56.25 44.75
PI200 1511 1.077 1.826 1.855 0.981 18.462 55.25 45.75
PI200 1512 0.834 1.360 1.801 0.645 18.094 56.25 46.75
PI200 1513 1.124 1.478 1.792 0.723 18.591 55.25 45.75
PI200 1514 1.090 1.302 1.472 0.866 18.318 55.75 45.75
PI200 1515 1.523 1.493 1.741 0.955 18.863 54.75 45.25
PI200 1516 1.404 0.976 2.192 0.756 18.567 55.25 44.75
PI200 1517 1.703 1.350 2.184 1.053 19.739 50.25 46.25
PI200 1518 1.651 1.070 2.351 1.039 19.575 50.25 45.25
PI200 1519 1.325 1.257 1.712 0.781 19.037 55.75 46.25
PI200 1520 1.238 1.267 2.004 0.733 19.485 53.75 45.75
PI200 1521 1.259 1.860 2.000 0.902 19.308 53.75 44.25
PI200 1522 0.980 1.932 1.829 1.051 19.370 56.25 46.25
PI200 1523 1.319 1.839 1.530 0.966 19.231 55.25 48.75
PI200 1524 1.780 1.291 2.331 1.027 20.042 50.25 44.75
PI200 1525 1.789 1.427 2.436 1.044 19.835 50.25 44.75
PI200 1526 1.277 1.734 2.420 1.432 19.778 50.25 44.75
PI200 1527 1.508 1.091 2.185 0.904 19.576 51.25 45.75
PI200 1528 1.376 1.298 2.026 0.664 19.277 53.25 45.75
PI200 1529 1.134 1.802 2.359 1.554 20.127 50.25 45.75
PI200 1530 1.369 1.652 1.677 0.690 18.952 54.75 48.75
PI200 1531 1.589 1.706 1.896 0.593 19.159 53.25 47.25
PI200 1532 1.763 1.559 2.351 0.940 19.563 50.25 45.25
PI200 1533 1.448 1.467 2.114 0.887 19.513 52.75 46.75
PI200 1534 1.422 1.629 2.334 1.039 19.222 50.25 45.75
PI200 1535 1.354 1.786 2.008 1.018 18.984 54.25 45.25
PI200 1536 1.032 1.431 2.121 0.987 18.652 54.25 44.25
PI200 1537 1.496 1.509 2.407 1.154 19.560 50.25 44.25
PI200 1538 1.468 1.118 2.441 1.085 19.179 50.25 44.25
PI200 1539 1.696 0.895 2.409 1.009 19.356 50.25 44.25
PI200 1540 1.038 1.034 2.518 1.104 18.831 54.25 43.75
PI200 1541 1.108 1.164 1.954 0.757 18.552 55.75 45.75
PI200 1542 1.122 1.211 1.575 0.615 18.060 55.75 46.75
PI200 1543 0.814 1.685 1.372 1.046 18.005 56.25 46.75
PI200 1544 1.009 1.573 1.670 0.557 18.191 56.75 47.25
PI200 1545 0.808 1.902 1.845 0.731 18.427 57.25 46.25
PI200 1546 0.937 1.436 1.806 0.710 18.215 55.75 47.75
PI200 1547 0.884 1.449 2.083 1.102 18.651 56.25 45.25
PI200 1548 1.063 1.193 1.865 0.674 18.363 55.75 46.25
PI200 1549 0.792 1.312 1.727 0.881 17.563 57.75 45.75
PI200 1550 1.156 1.443 1.696 0.746 18.203 55.25 45.75
PI200 1551 1.163 1.482 1.623 0.651 18.351 55.25 47.75
PI200 1552 0.997 2.002 1.606 0.821 18.674 57.25 48.75
PI200 1553 1.149 1.684 1.935 0.715 18.632 56.25 46.25
PI200 1554 1.046 1.606 1.841 0.974 18.032 55.75 46.25
PI200 1555 1.229 1.220 1.717 0.699 18.239 54.25 48.75
PI200 1556 1.421 1.206 1.839 0.714 18.415 53.75 47.25
PI200 1557 1.998 1.407 2.282 1.271 19.895 52.75 45.25
PI200 1558 1.329 1.426 1.591 0.715 18.580 54.75 48.75
PI200 1559 0.908 1.713 2.181 1.186 19.235 53.75 46.25
PI200 1560 1.242 1.393 2.271 1.210 19.248 54.25 44.25
PI200 1561 1.310 1.123 2.423 1.133 19.542 50.25 44.75
PI200 1562 1.297 1.550 2.571 1.457 19.504 50.25 44.25
PI200 1563 0.904 1.152 2.322 1.131 18.774 53.25 44.25
PI200 1564 0.927 1.110 1.812 0.669 18.391 56.25 46.25
PI200 1565 0.991 1.372 1.749 0.735 18.498 55.75 46.25
PI200 1566 0.880 1.289 1.676 0.674 18.514 57.75 45.75
PI200 1567 1.087 1.279 1.578 0.388 18.592 54.75 48.25
PI200 1568 0.933 1.651 1.532 0.665 18.394 55.25 49.25
PI200 1569 1.229 1.322 1.646 0.692 18.452 56.25 47.25
PI200 1570 1.200 1.426 1.574 0.853 18.403 55.25 47.25
PI200 1571 1.504 1.194 1.743 0.590 18.758 55.25 47.25
PI200 1572 0.966 1.300 1.668 0.777 18.287 56.25 47.75
PI200 1573 0.872 1.199 1.893 0.778 18.519 57.75 45.25
PI200 1574 1.064 1.310 1.820 0.709 18.689 55.25 47.25
PI200 1575 0.939 1.122 1.862 0.590 18.106 57.75 46.25
PI200 1576 0.983 1.269 1.766 0.734 18.534 56.25 46.25
PI200 1577 0.762 1.519 1.878 0.798 18.225 57.75 45.75
PI200 1578 1.047 1.345 1.755 0.639 18.249 55.75 47.25
PI200 1579 1.022 1.240 1.424 0.741 18.330 55.75 54.25
PI200 1580 1.189 0.989 1.823 0.635 18.565 56.25 44.75
PI200 1581 1.126 1.193 1.828 0.678 18.374 55.75 46.25
PI200 1582 1.113 1.934 1.775 0.810 18.788 55.75 46.75
PI200 1583 1.102 1.632 1.700 0.773 18.125 55.75 45.75
PI200 1584 0.841 1.538 1.862 0.857 17.972 56.25 45.25
PI200 1585 1.129 1.278 1.751 0.605 17.916 55.25 47.25
PI200 1586 1.047 1.550 1.689 0.760 18.100 56.75 46.75
PI200 1587 1.188 1.333 1.975 0.996 18.260 55.75 45.25
PI200 1588 1.298 1.178 2.203 0.995 18.343 55.25 46.25
PI200 1589 1.151 1.050 1.780 0.458 17.858 56.25 46.75
PI200 1590 1.234 1.171 1.668 0.479 18.132 54.25 48.25
PI200 1591 0.938 1.038 1.913 0.733 17.941 57.25 45.75
PI200 1592 0.950 1.314 2.048 1.015 18.186 55.25 45.25
PI200 1593 0.487 1.132 1.976 0.759 17.617 56.75 46.25
PI200 1594 1.092 1.254 1.867 0.850 17.812 55.25 45.25
PI200 1595 1.414 1.259 1.989 0.817 18.354 52.75 46.75
PI200 1596 1.207 1.269 2.004 0.835 18.719 54.25 46.75
PI200 1597 1.433 1.069 1.854 0.646 18.592 55.25 45.25
PI200 1598 1.337 1.332 2.496 1.314 19.323 50.25 43.75
PI200 1599 1.139 1.533 2.363 1.343 19.157 50.25 45.25
PI200 1600 1.271 1.546 1.885 0.894 19.014 55.75 47.25
PI200 1601 1.048 1.625 1.828 0.706 18.920 55.25 46.75
PI200 1602 1.042 1.919 1.716 0.926 18.994 56.25 46.25
PI200 1603 1.123 2.074 1.883 1.236 19.321 55.75 45.25
PI200 1604 0.985 1.425 1.787 0.747 18.522 55.75 45.75
PI200 1605 1.257 1.906 1.730 0.955 19.109 55.25 48.75
PI200 1606 1.092 1.479 1.758 0.582 18.810 56.75 46.75
PI200 1607 1.054 1.878 1.874 1.078 19.395 55.75 45.75
PI200 1608 0.928 1.742 2.324 1.093 19.561 55.75 44.25
PI200 1609 0.937 2.107 1.857 1.163 19.762 57.25 45.75
PI200 1610 1.155 1.677 1.822 0.843 19.677 55.75 45.25
PI200 1611 1.442 2.104 1.706 0.928 19.536 54.75 48.25
PI200 1612 1.489 1.636 2.035 0.840 19.426 52.25 46.25
PI200 1613 1.617 1.799 2.400 1.232 20.226 50.25 44.75
PI200 1614 1.194 1.760 2.354 1.196 19.708 50.25 44.75
PI200 1615 1.403 2.325 1.719 0.906 19.675 54.25 47.75
PI200 1616 1.487 2.009 1.935 1.162 19.856 54.25 47.25
PI200 1617 1.975 1.518 2.088 0.818 19.587 50.75 47.25
PI200 1618 1.692 1.660 2.268 0.934 19.796 50.25 45.75
PI200 1619 1.023 1.957 2.405 1.219 19.706 50.75 44.75
PICAL_ccnice 1940 1.319 1.608 2.195 1.321 18.879 50.25 46.25
PICAL_ccnice 1941 1.512 1.423 2.149 1.196 19.262 53.75 45.25
PICAL_ccnice 1942 1.291 1.223 2.003 0.984 18.752 55.75 45.75
PICAL_ccnice 1943 1.053 1.141 2.114 0.926 18.238 55.25 46.25
PICAL_ccnice 1944 1.107 1.370 1.825 0.806 18.061 55.75 46.25
PICAL_ccnice 1945 0.783 1.242 2.173 1.163 18.121 55.25 44.25
PICAL_ccnice 1946 0.872 1.138 1.941 0.905 17.732 57.25 45.25
PICAL_ccnice 1947 0.925 1.103 1.667 0.880 18.136 56.25 45.25
PICAL_ccnice 1948 1.028 1.070 1.939 0.818 17.985 55.75 44.75
PICAL_ccnice 1949 0.934 1.262 2.050 1.114 18.096 55.25 45.25
PICAL_ccnice 1950 1.184 1.098 1.743 0.697 18.255 56.75 46.75
PICAL_ccnice 1951 1.047 1.096 1.790 0.602 18.381 57.25 47.75
PICAL_ccnice 1952 0.993 1.093 1.922 0.702 18.278 56.25 46.75
PICAL_ccnice 1953 1.056 1.131 1.856 0.708 18.220 56.75 44.75
PICAL_ccnice 1954 0.891 1.519 1.895 0.972 18.108 55.75 45.25
PICAL_ccnice 1955 1.025 1.488 1.893 1.072 18.278 56.75 45.75
PICAL_ccnice 1956 1.087 1.306 1.891 0.806 18.049 54.75 46.25
PICAL_ccnice 1957 1.192 1.047 1.910 0.727 18.390 55.75 45.75
PICAL_ccnice 1958 1.393 1.008 1.679 0.475 18.358 53.75 46.75
PICAL_ccnice 1959 1.524 1.055 2.030 0.705 19.421 51.75 46.25
PICAL_ccnice 1960 1.252 1.046 2.031 0.782 18.663 55.25 44.75
PICAL_ccnice 1961 1.408 1.347 1.966 0.968 18.998 54.25 44.25
PICAL_ccnice 1962 1.160 1.136 2.129 0.849 18.401 51.25 46.25
PICAL_ccnice 1963 0.740 1.438 2.003 1.206 17.945 56.25 44.25
PICAL_ccnice 1964 1.105 1.123 1.886 0.676 18.205 55.75 46.25
PICAL_ccnice 1965 0.984 1.346 1.915 0.951 18.066 56.75 45.25
PICAL_ccnice 1966 0.772 1.292 1.900 0.918 17.797 56.75 45.25
PICAL_ccnice 1967 1.292 1.245 1.835 0.676 17.964 55.25 46.25
PICAL_ccnice 1968 1.258 0.926 2.034 0.649 17.663 54.75 45.25
PICAL_ccnice 1969 1.278 1.069 2.139 0.909 17.983 55.25 44.75
PICAL_ccnice 1970 1.268 1.130 2.152 0.959 17.872 54.75 45.25
PICAL_ccnice 1971 1.092 1.012 2.235 1.021 18.242 50.25 45.75
PICAL_ccnice 1972 0.825 1.331 2.119 0.836 18.032 56.25 45.25
PICAL_ccnice 1973 0.892 1.082 1.859 0.636 17.910 55.25 46.75
PICAL_ccnice 1974 1.016 1.419 1.971 1.052 18.091 56.75 45.25
PICAL_ccnice 1975 1.222 1.268 2.208 1.209 18.317 56.25 44.25
PICAL_ccnice 1976 0.996 1.573 1.519 0.991 17.921 56.25 47.75
PICAL_ccnice 1977 0.754 1.558 1.829 0.954 18.316 56.25 45.25
PICAL_ccnice 1978 0.992 1.791 1.963 1.106 18.674 56.25 45.75
PICAL_ccnice 1979 1.062 1.548 2.428 1.489 18.678 55.25 43.25
PICAL_ccnice 1980 0.983 1.411 1.891 1.141 18.439 56.25 45.75
PICAL_ccnice 1981 0.713 1.761 1.761 1.008 18.089 57.75 45.75
PICAL_ccnice 1982 0.747 1.532 1.825 1.064 18.041 57.75 44.75
PICAL_ccnice 1983 0.933 1.411 1.691 0.700 18.137 56.75 45.25
PICAL_ccnice 1984 1.023 1.177 1.861 0.850 18.173 56.25 46.75
PICAL_ccnice 1985 0.594 1.410 1.807 0.962 17.836 57.75 46.75
PICAL_ccnice 1986 0.718 1.275 1.791 0.850 17.772 56.75 45.75
PICAL_ccnice 1987 0.907 1.266 1.789 0.817 17.976 56.75 46.25
PICAL_ccnice 1988 0.833 1.167 1.952 0.827 17.741 56.25 44.75
PICAL_ccnice 1989 1.052 1.356 1.561 0.784 17.902 57.75 48.75
PICAL_ccnice 1990 1.082 1.349 1.878 0.842 18.509 56.25 46.25
PICAL_ccnice 1991 1.492 1.663 1.770 0.861 19.398 55.75 48.25
PICAL_ccnice 1992 1.358 2.053 2.105 0.921 19.545 51.25 46.75
PICAL_ccnice 1993 0.865 1.603 2.290 1.292 19.149 55.75 44.25
PICAL_ccnice 1994 0.660 1.620 2.022 0.923 18.855 57.75 44.25
PICAL_ccnice 1995 1.159 1.368 2.144 0.952 18.568 55.75 43.75
PICAL_ccnice 1996 1.222 1.655 1.663 0.731 18.836 54.25 47.75
PICAL_ccnice 1997 1.563 1.883 1.952 1.056 19.680 55.25 46.25
PICAL_ccnice 1998 1.280 1.757 2.478 1.582 20.085 50.25 44.75
PICAL_ccnice 1999 1.149 1.887 2.000 1.008 19.158 55.25 46.25
PICAL_ccnice 2000 0.912 1.460 1.579 0.949 18.191 57.75 45.75
PICAL_ccnice 2001 1.209 1.302 2.201 1.003 19.040 50.25 45.75
PICAL_ccnice 2002 1.287 1.111 1.799 0.731 19.102 55.25 47.25
PICAL_ccnice 2003 0.783 1.409 1.673 0.606 18.538 56.75 47.75
PICAL_ccnice 2004 1.101 1.434 1.795 0.991 19.235 55.75 47.75
PICAL_ccnice 2005 1.131 1.747 1.811 1.106 18.967 56.25 47.75
PICAL_ccnice 2006 0.804 1.492 2.230 1.217 19.219 53.75 44.75
PICAL_ccnice 2007 0.899 1.688 2.008 1.182 18.851 56.25 43.75
PICAL_ccnice 2008 0.960 1.652 1.924 1.070 18.620 55.75 44.25
PICAL_ccnice 2009 1.132 1.831 1.923 1.181 19.103 56.25 45.25
PICAL_ccnice 2010 0.808 1.320 2.456 1.522 19.194 56.25 42.75
PICAL_ccnice 2011 0.962 1.014 1.961 0.891 18.710 56.75 45.25
PICAL_ccnice 2012 1.177 1.242 1.699 0.678 19.041 56.25 46.75
PICAL_ccnice 2013 1.094 1.553 1.875 0.958 18.702 55.25 44.25
PICAL_ccnice 2014 0.914 1.541 1.911 1.106 19.008 56.75 45.25
PICAL_ccnice 2015 0.941 1.281 1.792 0.928 18.735 56.75 46.75
PICAL_ccnice 2016 1.398 1.604 1.783 1.025 19.509 55.75 46.75
PICAL_ccnice 2017 1.914 1.423 2.135 0.930 20.025 53.25 46.25
PICAL_ccnice 2018 1.456 1.304 2.546 1.380 19.899 50.25 44.25
PICAL_ccnice 2019 0.988 1.531 2.063 0.789 19.062 53.25 45.25
PICAL_ccnice 2020 1.353 1.359 1.839 0.491 18.734 54.25 46.25
PICAL_ccnice 2021 0.903 1.952 1.872 0.920 19.105 56.75 46.75
PICAL_ccnice 2022 0.811 1.866 1.811 1.401 19.408 56.75 45.75
PICAL_ccnice 2023 1.069 2.195 1.835 1.057 19.268 55.25 46.25
PICAL_ccnice 2024 1.189 1.922 2.075 1.195 19.386 56.75 44.25
PICAL_ccnice 2025 1.270 1.891 1.887 1.018 19.065 55.25 46.75
PICAL_ccnice 2026 0.963 2.293 1.647 0.969 18.862 55.75 48.25
PICAL_ccnice 2027 1.014 1.879 1.984 1.163 19.365 56.25 44.25
PICAL_ccnice 2028 1.447 1.890 2.122 1.334 19.673 53.75 44.75
PICAL_ccnice 2029 0.778 1.695 2.097 1.243 18.995 54.75 46.25
PICAL_ccnice 2030 0.984 1.298 2.000 0.984 18.343 56.25 45.75
PICAL_ccnice 2031 1.715 1.264 1.794 0.583 18.774 54.25 48.25
PICAL_ccnice 2032 1.225 1.313 2.445 1.366 19.244 50.25 44.75
PICAL_ccnice 2033 1.324 1.143 1.977 0.808 18.385 51.25 46.75
PICAL_ccnice 2034 0.990 1.372 2.090 1.080 18.279 55.25 46.25
PICAL_ccnice 2035 1.319 1.489 1.929 0.852 18.555 54.75 47.25
PICAL_ccnice 2036 1.079 1.159 2.140 0.966 18.655 55.25 46.25
PICAL_ccnice 2037 0.979 1.269 1.824 0.786 17.713 56.25 46.75
PICAL_ccnice 2038 0.902 1.457 1.824 0.850 18.384 56.75 46.25
PICAL_ccnice 2039 0.624 1.218 2.066 0.961 17.910 55.75 44.25
PICAL_ccnice 2040 0.613 1.130 1.923 0.819 17.906 56.75 46.25
PICAL_ccnice 2041 0.781 1.164 1.803 0.652 17.808 56.75 46.25
PICAL_ccnice 2042 0.730 1.542 1.833 1.161 18.257 56.75 45.25
PICAL_ccnice 2043 1.110 1.193 1.739 0.798 18.228 55.25 47.75
PICAL_ccnice 2044 0.958 1.526 1.933 0.932 18.545 55.75 46.25
PICAL_ccnice 2045 0.827 1.883 1.756 1.033 18.546 55.75 48.25
PICAL_ccnice 2046 0.864 1.620 1.960 1.006 18.371 57.25 45.25
PICAL_ccnice 2047 1.246 1.226 1.865 0.910 18.974 55.75 46.25
PICAL_ccnice 2048 0.926 1.306 2.372 1.250 18.905 55.75 43.75
PICAL_ccnice 2049 0.840 1.379 2.051 1.150 18.225 57.25 44.75
PICAL_ccnice 2050 0.921 1.166 1.847 0.682 18.196 57.25 46.25
PICAL_ccnice 2051 0.735 1.351 1.762 0.894 18.061 56.75 46.25
PICAL_ccnice 2052 0.811 1.400 1.801 0.678 17.865 57.25 44.75
PICAL_ccnice 2053 0.772 1.506 1.720 0.987 17.883 57.75 45.75
PICAL_ccnice 2054 0.844 1.346 1.881 1.002 18.035 57.25 45.75
PICAL_ccnice 2055 0.733 1.296 1.817 0.886 17.804 56.75 44.75
PICAL_ccnice 2056 1.147 1.271 1.733 0.717 17.846 55.25 46.25
PICAL_ccnice 2057 1.162 1.021 1.822 0.583 17.709 56.75 45.25
PICAL_ccnice 2058 1.140 1.119 1.717 0.675 18.044 56.75 46.25
PICAL_ccnice 2059 1.196 1.301 2.219 0.974 18.938 54.75 45.75
PICAL_ccnice 2060 0.682 1.528 1.887 1.039 18.027 57.25 45.75
PICAL_ccnice 2061 0.520 1.487 1.782 1.103 17.761 59.25 44.75
PICAL_ccnice 2062 0.907 1.450 1.550 0.740 17.601 56.25 46.25
PICAL_ccnice 2063 0.914 1.346 1.539 0.813 17.695 57.75 49.25
PICAL_ccnice 2064 0.408 1.400 1.874 0.933 17.367 56.75 45.75
PICAL_ccnice 2065 0.325 1.476 1.846 0.968 17.297 57.75 45.25
PICAL_ccnice 2066 0.819 1.264 1.816 0.778 17.967 56.25 45.25
PICAL_ccnice 2067 1.114 1.579 1.452 0.952 18.214 55.75 54.75
PICAL_ccnice 2068 1.093 1.279 1.478 0.713 17.785 55.75 47.25
PICAL_ccnice 2069 1.005 1.476 1.735 0.974 18.046 56.25 46.25
PICAL_ccnice 2070 0.911 1.413 1.605 0.708 17.805 55.75 47.25
PICAL_ccnice 2071 0.929 1.879 1.705 1.041 18.014 57.25 46.75
PICAL_ccnice 2072 0.954 1.213 2.040 0.883 18.061 55.75 44.25
PICAL_ccnice 2073 0.990 1.274 1.643 0.883 18.163 55.75 47.25
PICAL_ccnice 2074 1.073 1.341 1.669 0.719 18.045 54.75 45.75
PICAL_ccnice 2075 0.957 1.231 1.789 0.727 17.989 54.25 49.75
PICAL_ccnice 2076 1.372 1.057 2.198 0.953 18.664 55.25 43.25
PICAL_ccnice 2077 1.299 0.858 1.925 0.544 18.087 55.25 44.75
PICAL_ccnice 2078 0.984 1.552 1.867 1.004 18.464 55.75 46.25
PICAL_ccnice 2079 0.812 1.776 1.937 1.213 18.413 56.75 44.75
PICAL_ccnice 2080 1.064 1.320 1.749 0.786 18.214 54.75 47.25
PICAL_ccnice 2081 1.142 1.449 1.689 0.832 18.362 54.75 47.25
PICAL_ccnice 2082 0.699 1.575 1.717 0.983 17.786 57.25 46.75
PICAL_ccnice 2083 0.780 1.295 1.651 0.609 17.564 56.75 47.25
PICAL_ccnice 2084 0.977 1.369 1.620 0.686 18.005 56.25 48.25
PICAL_ccnice 2085 1.265 1.453 1.678 0.694 18.416 54.75 48.75
PICAL_ccnice 2086 1.161 1.864 1.737 0.864 18.622 55.25 48.25
PICAL_ccnice 2087 1.160 1.517 1.721 0.933 18.317 56.25 47.75
PICAL_ccnice 2088 1.187 1.563 1.988 1.204 18.905 55.75 45.25
PICAL_ccnice 2089 1.032 1.267 2.223 1.215 18.440 55.75 44.75
PICAL_ccnice 2090 1.308 1.070 1.987 0.820 18.812 56.25 44.75
PICAL_ccnice 2091 1.427 1.555 2.149 1.015 19.507 50.25 46.25
PICAL_ccnice 2092 1.224 1.550 2.261 1.190 19.443 52.25 46.25
PICAL_ccnice 2093 1.290 1.842 2.157 1.273 19.851 50.25 46.75
PICAL_ccnice 2094 1.166 1.311 1.941 0.864 19.270 55.75 46.25
PICAL_ccnice 2095 1.175 1.511 2.065 0.995 19.136 53.25 46.25
PICAL_ccnice 2096 1.476 1.456 2.254 1.135 19.754 50.25 45.25
PICAL_ccnice 2097 1.175 1.614 2.324 1.222 19.765 50.25 45.75
PICAL_ccnice 2098 1.468 1.644 2.085 1.036 19.664 50.25 46.75
PICAL_ccnice 2099 1.560 1.935 2.271 1.334 19.883 50.25 45.75
PICAL_cvKPP 2020 1.424 2.145 1.794 1.126 19.752 55.25 47.25
PICAL_cvKPP 2021 1.022 1.847 2.214 1.096 19.642 55.75 44.25
PICAL_cvKPP 2022 1.143 1.911 1.931 0.942 19.535 54.75 46.25
PICAL_cvKPP 2023 0.459 2.468 1.837 1.476 19.348 56.75 43.75
PICAL_cvKPP 2024 0.717 2.211 1.747 1.388 19.493 58.25 44.75
PICAL_cvKPP 2025 1.400 2.468 1.801 1.404 20.190 55.25 46.25
PICAL_cvKPP 2026 1.355 1.549 2.219 0.885 19.717 53.25 44.75
PICAL_cvKPP 2027 1.122 2.106 2.322 1.222 20.012 55.25 44.75
PICAL_cvKPP 2028 1.189 2.256 1.785 1.173 19.884 56.25 47.25
PICAL_cvKPP 2029 1.207 2.204 1.959 1.176 19.590 55.25 45.25
PICAL_cvKPP 2030 1.189 1.972 2.360 1.479 19.641 56.25 44.25
PICAL_cvKPP 2031 0.972 1.871 2.428 1.619 19.546 50.25 44.75
PICAL_cvKPP 2032 1.285 1.563 2.067 1.105 19.002 55.25 44.75
PICAL_cvKPP 2033 0.952 1.749 2.393 1.241 19.180 55.75 43.75
PICAL_cvKPP 2034 1.041 2.107 1.703 1.032 19.496 55.25 45.75
PICAL_cvKPP 2035 0.996 2.348 1.869 1.181 20.012 56.75 45.75
PICAL_cvKPP 2036 0.880 1.930 1.911 0.813 19.564 56.25 44.75
PICAL_cvKPP 2037 0.945 2.225 1.688 0.913 20.174 54.75 47.25
PICAL_cvKPP 2038 1.037 2.195 1.681 0.753 20.244 56.25 49.75
PICAL_cvKPP 2039 1.442 2.134 2.014 1.023 20.557 55.25 44.75
PICAL_cvTKEIDEMIX 2020 1.176 1.980 1.537 0.934 18.710 55.25 48.25
PICAL_cvTKEIDEMIX 2021 0.891 1.841 1.808 0.940 18.923 57.75 45.25
PICAL_cvTKEIDEMIX 2022 0.782 1.364 1.682 0.770 18.263 56.75 46.25
PICAL_cvTKEIDEMIX 2023 0.744 1.243 1.971 0.822 18.261 55.75 43.75
PICAL_cvTKEIDEMIX 2024 1.060 1.377 1.713 0.736 18.285 56.25 45.25
PICAL_cvTKEIDEMIX 2025 1.359 1.259 1.709 0.636 18.372 55.25 46.75
PICAL_cvTKEIDEMIX 2026 1.192 1.570 1.964 0.851 18.340 55.75 44.75
PICAL_cvTKEIDEMIX 2027 1.321 1.275 1.695 0.720 18.284 55.75 46.25
PICAL_cvTKEIDEMIX 2028 1.015 1.425 2.023 0.987 18.576 54.75 43.75
PICAL_cvTKEIDEMIX 2029 0.870 1.626 2.009 1.080 18.779 56.25 44.25
PICAL_cvTKEIDEMIX 2030 0.931 1.614 1.849 1.197 18.773 56.75 44.25
PICAL_cvTKEIDEMIX 2031 1.099 2.157 1.944 1.351 19.598 55.75 46.25
PICAL_cvTKEIDEMIX 2032 1.213 1.795 1.956 1.260 19.375 56.25 45.25
PICAL_cvTKEIDEMIX 2033 1.190 1.384 2.238 1.057 19.184 54.25 45.25
PICAL_cvTKEIDEMIX 2034 1.569 1.446 1.784 0.504 18.857 52.75 49.25
PICAL_cvTKEIDEMIX 2035 1.591 2.024 2.088 1.260 20.310 50.25 47.25
PICAL_cvTKEIDEMIX 2036 1.777 2.092 2.353 1.335 20.553 50.25 44.75
PICAL_cvTKEIDEMIX 2037 1.710 2.038 2.285 1.205 20.906 50.25 45.75
PICAL_cvTKEIDEMIX 2038 1.562 2.171 2.507 1.611 20.839 50.25 44.25
PICAL_cvTKEIDEMIX 2039 1.437 2.050 2.254 1.348 20.032 50.25 45.75
PICAL_cvTKE 2020 1.129 1.569 1.843 0.934 18.659 55.75 45.25
PICAL_cvTKE 2021 0.960 1.591 1.746 0.863 18.568 57.25 47.25
PICAL_cvTKE 2022 1.113 1.845 1.840 1.077 18.464 55.75 43.75
PICAL_cvTKE 2023 1.072 1.176 1.922 0.653 18.313 56.25 44.25
PICAL_cvTKE 2024 0.893 1.387 2.019 0.952 18.671 56.75 45.25
PICAL_cvTKE 2025 1.041 2.008 1.649 0.886 19.043 56.75 47.75
PICAL_cvTKE 2026 1.250 1.695 1.998 1.215 18.981 56.75 44.25
PICAL_cvTKE 2027 0.861 1.984 1.942 0.973 18.414 55.25 46.75
PICAL_cvTKE 2028 1.127 1.277 1.971 1.000 18.407 56.25 45.75
PICAL_cvTKE 2029 0.991 1.662 2.107 1.180 18.712 56.75 45.25
PICAL_cvTKE 2030 0.918 1.476 2.008 1.049 18.463 53.25 45.75
PICAL_cvTKE 2031 0.444 1.484 1.964 1.112 18.060 57.25 45.25
PICAL_cvTKE 2032 0.617 1.256 1.777 0.823 17.853 58.75 45.75
PICAL_cvTKE 2033 0.964 1.625 1.850 0.902 18.436 56.75 46.25
PICAL_cvTKE 2034 1.223 2.044 1.774 0.930 18.973 55.75 46.25
PICAL_cvTKE 2035 1.272 2.099 1.892 0.832 19.363 55.75 46.25
PICAL_cvTKE 2036 1.217 1.798 1.837 0.925 19.163 55.25 46.75
PICAL_cvTKE 2037 1.034 1.464 1.873 1.008 18.591 55.75 45.25
PICAL_cvTKE 2038 0.916 1.465 2.373 1.434 19.081 51.25 43.75
PICAL_cvTKE 2039 1.306 1.271 1.877 0.700 18.836 54.75 46.25
PICAL_momixoff 1850 1.209 1.495 2.528 1.634 20.250 55.25 42.25
PICAL_momixoff 1851 2.599 1.300 2.705 1.451 22.053 50.25 43.75
PICAL_momixoff 1852 2.900 1.922 2.630 2.085 24.084 50.25 43.75
PICAL_momixoff 1853 3.027 2.304 2.720 2.353 25.040 50.25 43.75
PICAL_momixoff 1854 2.978 2.603 2.505 2.246 24.438 50.25 44.75
PICAL_momixoff 1855 2.411 2.428 2.592 1.648 23.969 50.25 44.25
PICAL_momixoff 1856 2.249 2.560 2.722 2.464 24.692 50.25 43.25
PICAL_momixoff 1857 2.073 2.417 2.633 1.957 23.925 50.25 43.25
PICAL_momixoff 1858 2.947 2.262 2.787 2.104 24.839 50.25 43.75
PICAL_momixoff 1859 3.537 2.265 2.616 2.184 25.562 50.25 44.25
PICAL_momixoff 1860 2.498 2.492 2.715 2.427 25.124 50.25 43.75
PICAL_momixoff 1861 2.789 2.581 2.606 2.540 24.747 50.25 44.75
PICAL_momixoff 1862 2.473 2.562 2.671 2.242 23.785 50.25 43.75
PICAL_momixoff 1863 1.846 2.586 2.725 2.610 23.265 50.25 43.25
PICAL_momixoff 1864 1.728 2.437 2.454 1.676 22.485 50.25 45.25
PICAL_momixoff 1865 2.101 2.547 2.513 1.745 23.107 50.25 44.75
PICAL_momixoff 1866 2.255 2.447 2.379 1.910 23.054 50.25 45.25
PICAL_momixoff 1867 3.049 2.384 2.203 1.405 24.107 50.25 46.25
PICAL_momixoff 1868 3.239 2.349 2.513 2.272 24.660 50.25 44.75
PICAL_momixoff 1869 2.258 2.499 2.397 1.951 22.485 50.25 45.25
PICAL_momixoff 1870 2.994 2.390 2.514 1.916 23.050 50.25 44.75
PICAL_momixoff 1871 3.407 2.290 2.263 1.350 23.458 50.25 46.25
PICAL_momixoff 1872 2.761 2.536 2.555 2.468 23.565 50.25 44.75
PICAL_momixoff 1873 3.007 2.575 2.413 2.115 23.683 50.25 45.75
PICAL_momixoff 1874 2.763 2.517 2.481 1.861 23.692 50.25 45.25
PICAL_momixoff 1875 2.992 2.605 2.561 2.400 24.271 50.25 44.75
PICAL_momixoff 1876 2.853 2.258 2.693 2.299 22.760 50.25 43.75
PICAL_momixoff 1877 2.785 2.282 2.554 2.218 22.757 50.25 44.25
PICAL_momixoff 1878 2.710 2.163 2.388 1.818 22.574 50.25 45.25
PICAL_momixoff 1879 2.599 1.957 2.561 1.861 21.779 50.25 44.25
PICAL_momixoff 1880 2.973 2.714 2.585 2.619 23.686 50.25 44.75
PICAL_momixoff 1881 2.917 2.245 2.641 2.220 22.434 50.25 43.75
PICAL_momixoff 1882 2.826 2.305 2.598 2.276 22.954 50.25 43.75
PICAL_momixoff 1883 2.618 2.076 2.499 1.974 21.962 50.25 45.25
PICAL_momixoff 1884 2.838 1.696 2.622 2.096 21.373 50.25 44.25
PICAL_momixoff 1885 2.552 2.151 2.497 1.873 21.561 50.25 44.75
PICAL_momixoff 1886 1.891 2.258 2.100 1.389 21.054 52.75 45.75
PICAL_momixoff 1887 1.693 1.762 2.599 1.496 20.654 50.25 43.25
PICAL_momixoff 1888 2.440 2.073 2.529 1.457 21.473 50.25 44.25
PICAL_momixoff 1889 2.134 2.017 2.506 1.623 21.133 50.25 44.75
PICAL_momixoff 1890 2.004 1.539 2.537 1.392 20.506 50.25 44.75
PICAL_momixoff 1891 2.041 2.063 2.561 1.590 20.764 50.25 44.25
PICAL_momixoff 1892 2.332 1.716 2.239 1.285 19.993 50.25 46.25
PICAL_momixoff 1893 2.145 1.367 2.342 1.578 20.206 50.25 45.25
PICAL_momixoff 1894 1.353 1.166 2.154 0.865 19.091 50.25 46.75
PICAL_momixoff 1895 1.362 1.168 2.147 0.945 18.707 54.75 44.75
PICAL_momixoff 1896 1.667 1.427 2.414 1.341 19.951 50.25 44.75
PICAL_momixoff 1897 1.832 1.369 2.137 0.789 19.609 53.25 46.25
PICAL_momixoff 1898 1.047 1.361 2.086 1.176 18.704 54.75 44.75
PICAL_momixoff 1899 1.244 0.977 2.309 1.001 18.894 55.75 43.25
PICAL_momixoff 1900 1.372 1.231 2.054 0.893 18.983 54.75 45.25
PICAL_momixoff 1901 1.277 1.350 2.077 1.034 19.088 55.25 45.25
PICAL_momixoff 1902 1.352 1.024 2.120 0.808 18.570 54.75 45.25
PICAL_momixoff 1903 1.422 1.136 1.891 0.770 18.524 55.25 45.75
PICAL_momixoff 1904 1.630 1.147 1.989 0.794 19.310 53.75 47.25
PICAL_momixoff 1905 1.456 1.410 2.267 1.170 19.272 50.25 45.25
PICAL_momixoff 1906 1.268 1.098 2.140 0.985 18.932 50.25 45.75
PICAL_momixoff 1907 1.298 0.738 1.704 0.453 18.040 55.25 47.75
PICAL_momixoff 1908 1.347 1.462 1.962 0.778 19.243 54.75 47.75
PICAL_momixoff 1909 1.675 1.691 1.625 0.789 19.309 54.25 50.75
PICAL_momixoff 1910 1.766 1.215 2.507 1.250 19.985 50.25 44.75
PICAL_momixoff 1911 1.476 1.490 2.441 1.700 20.495 50.25 43.75
PICAL_momixoff 1912 1.210 1.252 2.058 0.705 19.382 52.25 45.75
PICAL_momixoff 1913 1.513 1.368 1.713 0.653 19.422 55.75 49.25
PICAL_momixoff 1914 1.216 1.137 2.270 1.051 19.516 54.75 44.75
PICAL_momixoff 1915 0.957 1.091 2.553 1.241 19.222 50.25 43.75
PICAL_momixoff 1916 0.931 1.221 1.679 0.686 18.138 54.25 48.25
PICAL_momixoff 1917 1.278 1.611 1.839 0.874 19.062 54.75 46.25
PICAL_momixoff 1918 1.515 1.204 2.281 1.009 19.443 54.25 44.75
PICAL_momixoff 1919 1.535 1.162 2.317 0.896 19.675 50.25 45.25
PICAL_momixoff 1920 1.938 1.551 2.300 1.082 20.291 50.75 45.25
PICAL_momixoff 1921 1.932 1.278 2.398 1.214 20.395 50.25 45.75
PICAL_momixoff 1922 1.522 1.432 2.302 1.347 19.734 50.25 45.75
PICAL_momixoff 1923 1.593 1.503 2.421 1.149 19.440 50.25 44.75
PICAL_momixoff 1924 1.181 1.581 1.986 0.984 18.724 55.25 44.75
PICAL_momixoff 1925 1.702 1.099 2.312 0.868 19.681 53.25 44.75
PICAL_momixoff 1926 1.586 1.524 2.527 1.399 20.066 50.25 44.75
PICAL_momixoff 1927 0.962 1.377 2.187 1.199 18.777 53.75 44.75
PICAL_momixoff 1928 1.121 1.396 1.844 0.855 18.536 55.25 45.75
PICAL_momixoff 1929 0.955 1.619 1.818 0.977 18.377 55.25 45.25
PICAL_momixoff 1930 1.074 1.574 1.887 1.057 18.759 56.25 44.75
PICAL_momixoff 1931 0.773 1.318 1.765 0.846 18.098 55.75 46.75
PICAL_momixoff 1932 1.268 1.130 1.420 0.438 18.103 54.25 50.75
PICAL_momixoff 1933 1.144 1.701 1.844 0.960 18.778 55.25 46.25
PICAL_momixoff 1934 1.471 1.317 1.804 0.627 18.607 55.75 47.25
PICAL_momixoff 1935 1.551 1.170 2.398 0.984 19.155 50.25 44.75
PICAL_momixoff 1936 1.412 1.107 2.193 0.995 18.683 50.25 45.25
PICAL_momixoff 1937 1.610 1.381 2.184 1.058 19.340 52.75 44.75
PICAL_momixoff 1938 0.705 1.890 2.283 1.634 18.945 56.25 45.25
PICAL_momixoff 1939 1.082 1.632 2.294 1.332 18.995 52.25 45.75
PICAL_momixoff 1940 1.209 1.477 2.115 1.092 18.514 53.75 45.75
PICAL_momixoff 1941 1.074 1.498 1.663 0.867 18.101 56.25 46.75
PICAL_momixoff 1942 1.568 1.468 2.077 1.119 19.024 54.25 45.25
PICAL_momixoff 1943 1.352 1.459 2.359 1.306 18.912 50.25 45.75
PICAL_momixoff 1944 0.723 1.319 1.997 1.000 17.951 56.25 45.25
PICAL_momixoff 1945 1.116 1.002 1.637 0.534 17.781 55.75 46.75
PICAL_momixoff 1946 1.140 1.139 1.802 0.743 18.312 54.75 45.75
PICAL_momixoff 1947 1.268 1.521 1.619 0.513 18.296 55.75 47.75
PICAL_momixoff 1948 1.041 1.685 2.144 1.011 18.797 54.25 45.75
PICAL_momixoff 1949 0.692 1.382 2.017 1.096 18.227 56.75 44.75
PICAL_momixoff 1950 1.068 1.170 1.876 0.869 18.576 55.75 45.75
PICAL_momixoff 1951 0.919 1.214 1.800 0.890 18.247 57.75 45.25
PICAL_momixoff 1952 1.059 1.377 1.896 0.826 18.905 57.25 44.75
PICAL_momixoff 1953 1.030 1.849 1.763 0.794 19.170 55.75 46.25
PICAL_momixoff 1954 1.310 2.059 1.736 1.015 19.629 55.25 45.75
PICAL_momixoff 1955 1.126 1.881 1.954 1.159 20.027 56.25 45.25
PICAL_momixoff 1956 1.363 2.145 2.025 1.141 21.050 54.25 46.75
PICAL_momixoff 1957 1.421 2.079 1.871 0.694 20.617 54.75 46.75
PICAL_momixoff 1958 1.223 2.422 2.119 1.339 21.639 51.75 45.75
PICAL_momixoff 1959 0.922 2.268 1.830 0.961 20.967 55.75 47.25
PICAL_momixoff 1960 1.107 2.489 2.550 1.896 22.505 50.25 44.25
PICAL_momixoff 1961 1.647 2.093 2.476 1.411 21.919 50.25 44.75
PICAL_momixoff 1962 1.233 2.334 2.065 1.261 21.181 50.25 46.75
PICAL_momixoff 1963 1.134 2.100 1.798 0.825 21.778 56.25 47.75
PICAL_momixoff 1964 1.424 2.245 1.955 1.059 21.782 55.25 47.25
PICAL_momixoff 1965 2.023 2.358 2.528 1.822 22.919 50.25 44.25
PICAL_momixoff 1966 2.232 2.073 2.522 1.725 22.779 50.25 44.25
PICAL_momixoff 1967 1.183 2.114 2.551 1.689 21.507 50.25 44.75
PICAL_momixoff 1968 0.905 2.248 2.184 1.355 21.426 55.25 44.75
PICAL_momixoff 1969 1.215 2.206 2.058 1.083 21.557 55.25 46.25
PICAL_momixoff 1970 1.229 2.425 1.938 1.219 22.284 53.75 46.25
PICAL_momixoff 1971 1.412 2.509 2.008 1.456 22.455 54.75 45.75
PICAL_momixoff 1972 1.686 2.141 2.241 1.001 21.841 50.75 46.25
PICAL_momixoff 1973 1.900 2.508 2.443 1.898 23.043 50.25 44.25
PICAL_momixoff 1974 2.460 2.554 2.443 2.229 24.296 50.25 44.25
PICAL_momixoff 1975 2.305 2.206 2.266 1.418 22.651 50.25 45.75
PICAL_momixoff 1976 2.628 2.428 2.271 1.788 23.506 50.25 45.75
PICAL_momixoff 1977 2.499 2.468 2.438 1.994 22.327 50.25 44.75
PICAL_momixoff 1978 2.485 1.816 2.298 1.098 21.827 50.25 46.25
PICAL_momixoff 1979 2.469 2.404 2.359 1.602 22.388 50.25 45.75
PICAL_momixoff 1980 2.732 2.460 2.300 1.468 23.262 50.25 44.75
PICAL_momixoff 1981 2.342 2.323 2.673 2.181 23.259 50.25 43.25
PICAL_momixoff 1982 2.073 2.494 2.558 2.350 22.959 50.25 44.75
PICAL_momixoff 1983 1.478 2.031 2.608 2.003 21.285 50.25 44.25
PICAL_momixoff 1984 1.129 1.920 2.128 0.867 19.730 55.75 43.75
PICAL_momixoff 1985 1.175 2.395 1.898 1.254 20.641 55.25 45.75
PICAL_momixoff 1986 1.691 1.990 1.752 0.625 20.035 54.75 47.25
PICAL_momixoff 1987 1.367 2.428 2.390 1.464 20.771 50.25 44.75
PICAL_momixoff 1988 1.511 2.130 2.013 0.867 20.660 51.25 47.25
PICAL_momixoff 1989 1.534 2.161 2.325 1.180 21.034 51.75 44.25
PICAL_momixoff 1990 1.235 2.296 2.479 1.499 20.927 50.25 44.25
PICAL_momixoff 1991 0.941 2.126 1.791 0.761 20.227 55.75 45.75
PICAL_momixoff 1992 1.407 2.124 2.436 1.269 21.266 50.25 44.75
PICAL_momixoff 1993 1.950 2.286 2.354 1.533 22.148 50.25 44.75
PICAL_momixoff 1994 1.841 2.380 2.376 1.531 21.435 50.25 45.25
PICAL_momixoff 1995 1.061 2.125 2.367 1.472 20.002 55.25 44.25
PICAL_momixoff 1996 1.121 2.272 2.077 1.134 19.866 54.75 46.25
PICAL_momixoff 1997 1.108 2.229 2.038 1.165 20.233 55.25 45.75
PICAL_momixoff 1998 1.277 2.283 1.904 1.136 20.700 52.75 45.75
PICAL_momixoff 1999 1.806 2.452 2.066 1.455 21.464 53.25 46.75
PICAL_momixoff 2000 1.652 2.455 2.327 1.786 21.593 50.25 45.25
PICAL_momixoff 2001 1.510 1.777 1.675 0.720 19.893 52.75 50.25
PICAL_momixoff 2002 1.742 2.271 2.050 1.207 20.734 50.75 46.25
PICAL_momixoff 2003 2.440 2.029 2.323 1.207 21.622 50.25 45.25
PICAL_momixoff 2004 1.513 2.114 2.544 1.556 21.540 50.25 44.25
PICAL_momixoff 2005 1.394 2.229 2.174 1.512 21.221 54.75 44.75
PICAL_momixoff 2006 1.280 2.304 2.360 1.438 21.157 50.25 45.75
PICAL_momixoff 2007 1.777 2.494 2.314 1.626 22.131 50.25 45.25
PICAL_momixoff 2008 2.106 2.344 2.183 1.522 22.329 50.25 46.25
PICAL_momixoff 2009 2.016 2.453 2.072 1.197 22.306 50.25 46.75
PICAL_momixoff 2010 2.246 2.215 2.106 1.295 22.624 50.25 46.25
PICAL_momixoff 2011 2.368 2.341 2.253 1.290 22.628 50.25 45.25
PICAL_momixoff 2012 2.158 2.426 2.320 1.898 23.501 50.25 44.75
PICAL_momixoff 2013 1.759 2.444 2.428 1.541 22.465 50.25 44.25
PICAL_momixoff 2014 1.882 2.531 2.213 1.590 22.666 50.25 45.75
PICAL_momixoff 2015 1.913 2.527 2.297 1.517 22.676 50.25 45.25
PICAL_momixoff 2016 2.138 1.937 2.483 1.292 22.749 50.25 44.75
PICAL_momixoff 2017 1.352 2.304 2.261 1.356 22.208 55.25 44.75
PICAL_momixoff 2018 1.844 2.320 2.188 1.176 23.397 51.75 45.75
PICAL_momixoff 2019 1.813 2.345 2.506 1.755 23.930 50.25 44.75
PICAL_momixoff 2020 1.521 2.444 2.197 1.535 23.740 53.25 44.75
PICAL_momixoff 2021 1.135 2.352 2.396 1.580 22.708 55.25 43.75
PICAL_momixoff 2022 1.153 2.470 2.157 1.632 23.069 55.25 44.25
PICAL_momixoff 2023 1.108 2.337 1.823 1.076 21.758 55.25 46.75
PICAL_momixoff 2024 1.310 2.365 1.934 1.230 22.425 55.75 46.75
PICAL_momixoff 2025 1.264 2.330 2.079 1.181 22.433 53.75 46.25
PICAL_momixoff 2026 1.277 2.520 2.455 1.727 22.655 50.25 44.75
PICAL_momixoff 2027 1.071 2.163 2.386 1.282 21.796 55.25 44.25
PICAL_momixoff 2028 1.650 2.533 2.454 1.764 22.517 50.25 44.25
PICAL_momixoff 2029 1.847 2.166 2.517 1.622 23.120 50.25 43.75
PICAL_momixoff 2030 1.806 2.251 2.633 1.840 23.065 50.25 43.75
PICAL_momixoff 2031 1.667 2.369 2.341 1.622 22.867 50.25 45.25
PICAL_momixoff 2032 1.641 2.326 2.340 1.559 22.020 50.25 45.25
PICAL_momixoff 2033 1.427 2.606 2.231 1.551 22.165 50.25 45.25
PICAL_momixoff 2034 1.759 2.455 2.441 1.639 22.268 50.25 44.75
PICAL_momixoff 2035 1.504 2.534 1.981 1.493 21.546 50.25 46.75
PICAL_momixoff 2036 1.642 2.138 2.134 1.234 21.053 53.25 45.25
PICAL_momixoff 2037 1.124 2.443 2.351 1.478 21.211 50.75 44.75
PICAL_momixoff 2038 2.230 2.307 2.123 1.061 22.478 50.25 46.75
PICAL_momixoff 2039 2.557 2.164 2.475 1.611 23.061 50.25 44.75
PICAL_momixoff 2040 2.434 2.276 2.358 1.343 22.227 50.75 45.25
PICAL_momixoff 2041 2.524 2.503 2.362 1.801 23.263 50.25 44.75
PICAL_momixoff 2042 2.325 2.349 2.463 1.600 23.433 50.25 44.25
PICAL_momixoff 2043 2.808 2.501 2.283 1.774 24.134 50.25 45.75
PICAL_momixoff 2044 2.214 2.469 2.565 2.203 23.535 50.25 44.75
PICAL_momixoff 2045 1.304 2.489 2.286 1.788 21.947 50.25 45.75
PICAL_momixoff 2046 1.440 2.653 1.706 1.444 21.174 55.75 47.75
PICAL_momixoff 2047 1.161 2.491 2.038 1.313 20.856 54.25 45.75
PICAL_momixoff 2048 2.082 2.414 2.132 1.310 21.340 51.75 44.75
PICAL_momixoff 2049 2.157 1.981 2.406 1.210 20.810 50.25 44.75
PICAL 1850 1.209 1.495 2.528 1.634 20.250 55.25 42.25
PICAL 1851 2.599 1.300 2.705 1.451 22.053 50.25 43.75
PICAL 1852 2.900 1.922 2.630 2.085 24.084 50.25 43.75
PICAL 1853 3.027 2.304 2.720 2.353 25.040 50.25 43.75
PICAL 1854 2.978 2.603 2.505 2.246 24.438 50.25 44.75
PICAL 1855 2.411 2.428 2.592 1.648 23.969 50.25 44.25
PICAL 1856 2.249 2.560 2.722 2.464 24.692 50.25 43.25
PICAL 1857 2.073 2.417 2.633 1.957 23.925 50.25 43.25
PICAL 1858 2.947 2.262 2.787 2.104 24.839 50.25 43.75
PICAL 1859 3.537 2.265 2.616 2.184 25.562 50.25 44.25
PICAL 1860 2.498 2.492 2.715 2.427 25.124 50.25 43.75
PICAL 1861 2.789 2.581 2.606 2.540 24.747 50.25 44.75
PICAL 1862 2.473 2.562 2.671 2.242 23.785 50.25 43.75
PICAL 1863 1.846 2.586 2.725 2.610 23.265 50.25 43.25
PICAL 1864 1.728 2.437 2.454 1.676 22.485 50.25 45.25
PICAL 1865 2.101 2.547 2.513 1.745 23.107 50.25 44.75
PICAL 1866 2.255 2.447 2.379 1.910 23.054 50.25 45.25
PICAL 1867 3.049 2.384 2.203 1.405 24.107 50.25 46.25
PICAL 1868 3.239 2.349 2.513 2.272 24.660 50.25 44.75
PICAL 1869 2.258 2.499 2.397 1.951 22.485 50.25 45.25
PICAL 1870 2.994 2.390 2.514 1.916 23.050 50.25 44.75
PICAL 1871 3.407 2.290 2.263 1.350 23.458 50.25 46.25
PICAL 1872 2.761 2.536 2.555 2.468 23.565 50.25 44.75
PICAL 1873 3.007 2.575 2.413 2.115 23.683 50.25 45.75
PICAL 1874 2.763 2.517 2.481 1.861 23.692 50.25 45.25
PICAL 1875 2.992 2.605 2.561 2.400 24.271 50.25 44.75
PICAL 1876 2.853 2.258 2.693 2.299 22.760 50.25 43.75
PICAL 1877 2.785 2.282 2.554 2.218 22.757 50.25 44.25
PICAL 1878 2.710 2.163 2.388 1.818 22.574 50.25 45.25
PICAL 1879 2.599 1.957 2.561 1.861 21.779 50.25 44.25
PICAL 1880 2.973 2.714 2.585 2.619 23.686 50.25 44.75
PICAL 1881 2.917 2.245 2.641 2.220 22.434 50.25 43.75
PICAL 1882 2.826 2.305 2.598 2.276 22.954 50.25 43.75
PICAL 1883 2.618 2.076 2.499 1.974 21.962 50.25 45.25
PICAL 1884 2.838 1.696 2.622 2.096 21.373 50.25 44.25
PICAL 1885 2.552 2.151 2.497 1.873 21.561 50.25 44.75
PICAL 1886 1.891 2.258 2.100 1.389 21.054 52.75 45.75
PICAL 1887 1.693 1.762 2.599 1.496 20.654 50.25 43.25
PICAL 1888 2.440 2.073 2.529 1.457 21.473 50.25 44.25
PICAL 1889 2.134 2.017 2.506 1.623 21.133 50.25 44.75
PICAL 1890 2.004 1.539 2.537 1.392 20.506 50.25 44.75
PICAL 1891 2.041 2.063 2.561 1.590 20.764 50.25 44.25
PICAL 1892 2.332 1.716 2.239 1.285 19.993 50.25 46.25
PICAL 1893 2.145 1.367 2.342 1.578 20.206 50.25 45.25
PICAL 1894 1.353 1.166 2.154 0.865 19.091 50.25 46.75
PICAL 1895 1.362 1.168 2.147 0.945 18.707 54.75 44.75
PICAL 1896 1.667 1.427 2.414 1.341 19.951 50.25 44.75
PICAL 1897 1.832 1.369 2.137 0.789 19.609 53.25 46.25
PICAL 1898 1.047 1.361 2.086 1.176 18.704 54.75 44.75
PICAL 1899 1.244 0.977 2.309 1.001 18.894 55.75 43.25
PICAL 1900 1.372 1.231 2.054 0.893 18.983 54.75 45.25
PICAL 1901 1.277 1.350 2.077 1.034 19.088 55.25 45.25
PICAL 1902 1.352 1.024 2.120 0.808 18.570 54.75 45.25
PICAL 1903 1.422 1.136 1.891 0.770 18.524 55.25 45.75
PICAL 1904 1.630 1.147 1.989 0.794 19.310 53.75 47.25
PICAL 1905 1.456 1.410 2.267 1.170 19.272 50.25 45.25
PICAL 1906 1.268 1.098 2.140 0.985 18.932 50.25 45.75
PICAL 1907 1.298 0.738 1.704 0.453 18.040 55.25 47.75
PICAL 1908 1.347 1.462 1.962 0.778 19.243 54.75 47.75
PICAL 1909 1.675 1.691 1.625 0.789 19.309 54.25 50.75
PICAL 1910 1.766 1.215 2.507 1.250 19.985 50.25 44.75
PICAL 1911 1.476 1.490 2.441 1.700 20.495 50.25 43.75
PICAL 1912 1.210 1.252 2.058 0.705 19.382 52.25 45.75
PICAL 1913 1.513 1.368 1.713 0.653 19.422 55.75 49.25
PICAL 1914 1.216 1.137 2.270 1.051 19.516 54.75 44.75
PICAL 1915 0.957 1.091 2.553 1.241 19.222 50.25 43.75
PICAL 1916 0.931 1.221 1.679 0.686 18.138 54.25 48.25
PICAL 1917 1.278 1.611 1.839 0.874 19.062 54.75 46.25
PICAL 1918 1.515 1.204 2.281 1.009 19.443 54.25 44.75
PICAL 1919 1.535 1.162 2.317 0.896 19.675 50.25 45.25
PICAL 1920 1.868 1.586 2.500 1.354 20.651 50.25 44.25
PICAL 1921 1.947 1.489 2.505 1.480 20.865 50.25 45.25
PICAL 1922 1.501 1.476 2.350 1.106 19.844 50.25 45.25
PICAL 1923 1.486 1.597 1.703 0.665 19.306 53.75 47.75
PICAL 1924 1.408 1.482 2.094 1.130 19.473 55.75 44.25
PICAL 1925 1.690 1.377 2.257 1.115 20.327 50.25 45.75
PICAL 1926 2.061 1.740 2.180 1.224 20.989 50.25 45.75
PICAL 1927 1.755 1.714 2.104 1.034 20.391 50.25 47.25
PICAL 1928 1.462 1.671 1.902 0.983 19.921 54.25 47.75
PICAL 1929 1.889 1.243 2.450 1.175 20.225 50.25 44.75
PICAL_v35def_darkice 2050 1.500 2.459 2.458 1.593 22.003 50.25 44.25
PICAL_v35def_darkice 2051 1.464 2.496 2.333 1.580 22.217 53.75 44.75
PICAL_v35def_darkice 2052 1.481 2.372 2.217 1.389 22.408 50.25 45.75
PICAL_v35def_darkice 2053 0.910 2.581 2.285 1.634 21.744 50.25 44.75
PICAL_v35def_darkice 2054 1.528 2.356 1.673 1.053 21.366 54.75 47.25
PICAL_v35def_darkice 2055 1.344 2.309 2.568 1.634 21.339 53.25 43.75
PICAL_v35def_darkice 2056 1.008 2.349 2.538 1.813 21.419 50.25 44.25
PICAL_v35def_darkice 2057 1.101 1.973 2.187 1.082 20.339 56.25 44.25
PICAL_v35def_darkice 2058 0.736 2.487 1.746 1.230 20.080 56.75 46.75
PICAL_v35def_darkice 2059 1.028 2.524 1.743 1.181 20.926 56.25 46.75
PICAL_v35def_darkice 2060 1.135 2.363 1.962 1.108 20.988 55.75 44.25
PICAL_v35def_darkice 2061 1.227 2.178 1.956 0.933 20.940 54.75 46.25
PICAL_v35def_darkice 2062 1.171 2.372 1.917 1.109 20.448 54.75 46.25
PICAL_v35def_darkice 2063 0.950 2.273 2.133 1.188 20.690 55.75 44.25
PICAL_v35def_darkice 2064 1.121 2.405 1.776 1.226 20.371 56.75 48.75
PICAL_v35def_darkice 2065 1.059 2.304 2.011 1.132 20.564 56.25 44.25
PICAL_v35def_darkice 2066 1.188 2.423 2.542 1.785 21.008 53.25 43.25
PICAL_v35def_darkice 2067 1.111 2.473 1.843 1.272 20.501 53.75 45.75
PICAL_v35def_darkice 2068 1.510 2.090 2.135 1.090 20.715 53.75 44.25
PICAL_v35def_darkice 2069 1.219 2.212 2.513 1.430 20.478 52.25 43.25
PICAL_v35def_darkice 2070 1.661 2.291 2.258 1.436 21.425 50.25 44.75
PICAL_v35def_darkice 2071 1.411 2.195 2.520 1.424 21.539 50.25 44.25
PICAL_v35def_darkice 2072 1.443 2.020 2.164 0.895 21.468 52.75 45.75
PICAL_v35def_darkice 2073 1.174 2.361 2.107 1.196 22.039 53.25 44.25
PICAL_v35def_darkice 2074 1.175 2.263 2.089 1.065 21.652 50.25 45.75
PICAL_v35def_darkice 2075 1.234 2.223 2.009 0.939 21.347 54.75 46.25
PICAL_v35def_darkice 2076 0.866 2.453 2.041 1.333 21.074 56.25 43.75
PICAL_v35def_darkice 2077 0.925 2.139 2.089 1.097 20.744 56.25 45.75
PICAL_v35def_darkice 2078 1.121 2.261 1.640 0.789 20.720 55.75 48.75
PICAL_v35def_darkice 2079 1.344 2.409 1.959 1.154 21.407 55.75 44.75
PICAL_v35def_darkice 2080 1.314 2.210 2.180 1.228 21.991 55.75 44.25
PICAL_v35def_darkice 2081 0.987 2.266 2.417 1.415 21.581 53.75 43.75
PICAL_v35def_darkice 2082 0.877 2.419 2.173 1.480 21.922 53.25 45.75
PICAL_v35def_darkice 2083 1.130 2.300 1.867 1.083 21.905 54.75 45.25
PICAL_v35def_darkice 2084 1.337 2.328 2.043 1.077 22.355 50.25 45.75
PICAL_v35def_darkice 2085 1.361 2.487 2.381 1.816 22.257 50.25 43.75
PICAL_v35def_darkice 2086 0.646 2.408 2.121 1.412 20.903 56.25 45.25
PICAL_v35def_darkice 2087 1.077 2.302 2.184 1.368 21.582 56.25 43.25
PICAL_v35def_darkice 2088 1.256 2.477 2.311 1.813 22.462 54.25 43.75
PICAL_v35def_darkice 2089 1.229 2.454 2.282 1.647 22.899 50.25 45.25
PICAL_v35def_darkice 2090 1.767 2.410 1.982 1.219 22.888 50.25 46.75
PICAL_v35def_darkice 2091 1.150 2.564 2.485 2.048 22.824 50.25 42.75
PICAL_v35def_darkice 2092 1.366 2.561 2.478 1.857 22.846 50.25 44.25
PICAL_v35def_darkice 2093 1.247 2.674 1.986 1.632 22.479 55.25 44.75
PICAL_v35def_darkice 2094 1.331 2.647 2.072 1.700 22.908 53.75 44.75
PICAL_v35def_darkice 2095 0.982 2.342 2.074 1.268 22.602 54.25 44.25
PICAL_v35def_darkice 2096 0.821 2.562 2.457 1.744 22.323 55.75 43.25
PICAL_v35def_darkice 2097 1.453 2.524 2.438 1.783 23.074 50.25 44.25
PICAL_v35def_darkice 2098 1.182 2.251 2.130 1.504 22.076 55.75 44.75
PICAL_v35def_darkice 2099 1.439 2.386 1.913 1.325 21.967 55.25 44.75
PICAL_v35def 2020 0.928 2.489 2.064 1.785 22.879 53.25 45.75
PICAL_v35def 2021 1.276 2.471 2.133 1.458 22.343 53.25 43.75
PICAL_v35def 2022 2.227 2.000 2.523 1.345 22.502 50.25 44.25
PICAL_v35def 2023 2.283 2.171 2.506 1.759 22.495 50.25 45.25
PICAL_v35def 2024 2.307 2.201 2.407 1.410 23.007 50.25 45.25
PICAL_v35def 2025 2.223 2.364 2.238 1.631 23.117 50.25 46.25
PICAL_v35def 2026 1.239 2.360 2.337 1.541 22.130 50.25 44.75
PICAL_v35def 2027 1.297 2.291 2.210 1.343 22.212 50.75 44.25
PICAL_v35def 2028 0.836 2.415 2.171 1.316 22.031 56.25 44.25
PICAL_v35def 2029 1.275 2.260 2.040 1.456 21.954 54.75 45.25
PICAL_v35def 2030 1.146 2.514 2.210 1.582 21.673 55.75 45.25
PICAL_v35def 2031 1.185 2.382 2.456 1.782 21.511 54.25 44.25
PICAL_v35def 2032 1.583 2.660 1.671 1.268 21.181 54.75 47.75
PICAL_v35def 2033 1.634 2.529 2.296 1.618 21.791 55.25 45.25
PICAL_v35def 2034 1.532 2.141 2.370 1.494 21.467 50.25 45.25
PICAL_v35def 2035 1.036 2.202 1.996 1.333 20.607 55.75 45.75
PICAL_v35def 2036 1.128 2.023 2.191 0.899 20.276 53.25 44.25
PICAL_v35def 2037 1.188 2.384 2.153 1.412 21.447 55.75 44.75
PICAL_v35def 2038 1.078 2.296 2.298 1.354 21.216 50.25 44.25
PICAL_v35def 2039 1.275 2.169 1.783 0.795 20.738 56.25 46.75
PICAL_v35def 2040 1.267 2.406 2.094 1.373 20.794 54.25 44.75
PICAL_v35def 2041 1.069 2.420 2.486 1.773 21.079 50.25 43.25
PICAL_v35def 2042 1.630 2.070 2.257 1.249 20.934 50.25 45.75
PICAL_v35def 2043 1.563 2.117 2.199 1.173 20.849 50.25 45.25
PICAL_v35def 2044 0.808 2.292 2.242 1.304 21.149 52.25 44.75
PICAL_v35def 2045 1.315 2.364 2.091 1.146 21.384 52.25 45.25
PICAL_v35def 2046 1.040 2.425 2.364 1.595 21.288 50.25 44.75
PICAL_v35def 2047 1.616 2.443 1.960 1.578 21.147 52.75 45.25
PICAL_v35def 2048 1.486 2.081 2.592 1.564 21.090 52.25 43.75
PICAL_v35def 2049 1.392 2.483 2.432 1.662 21.513 50.25 44.25
TEST_1800 2100 ERR The indexing operation you are attempting to perform is not 
Tuning_test_11G_inppmin50k 1350 1.463 1.422 2.319 1.304 17.996 54.25 42.75
Tuning_test_11G_inppmin50k 1351 1.795 1.227 2.762 1.709 19.276 50.25 41.75
Tuning_test_11G_inppmin50k 1352 1.644 1.326 2.884 2.204 19.617 50.25 41.75
Tuning_test_11G_inppmin50k 1353 1.292 1.424 2.714 1.747 19.365 50.25 42.75
Tuning_test_11G_inppmin50k 1354 1.391 1.238 2.622 1.546 19.185 50.25 43.25
Tuning_test_11G_inppmin50k 1355 1.112 1.415 2.612 1.573 19.187 53.25 41.75
Tuning_test_11G_inppmin50k 1356 1.339 1.627 2.557 1.408 18.748 53.25 42.75
Tuning_test_11G_inppmin50k 1357 1.291 1.312 2.602 1.342 18.524 53.75 43.25
Tuning_test_11G_inppmin50k 1358 1.313 1.451 2.589 1.553 18.732 50.25 43.25
Tuning_test_11G_inppmin50k 1359 1.510 2.098 2.462 1.792 19.785 50.25 43.25
Tuning_test_11G_inppmin50k 1360 1.634 1.712 2.219 1.362 19.252 50.25 45.75
Tuning_test_11G_inppmin50k 1361 1.340 1.423 2.569 1.438 18.789 50.25 43.75
Tuning_test_11G_inppmin50k 1362 1.730 1.376 2.701 1.731 19.732 50.25 42.75
Tuning_test_11G_inppmin50k 1363 1.408 1.203 2.724 1.630 19.013 50.25 42.75
Tuning_test_11G_inppmin50k 1364 1.218 1.563 2.680 1.797 19.027 53.25 43.25
Tuning_test_11G_inppmin50k 1365 1.559 1.353 2.542 1.330 18.388 50.25 43.75
Tuning_test_11G_inppmin50k 1366 1.718 1.291 2.462 1.281 19.111 50.25 43.75
Tuning_test_11G_inppmin50k 1367 1.319 1.791 2.584 1.655 18.734 52.75 43.25
Tuning_test_11G_inppmin50k 1368 1.434 1.464 2.684 1.547 18.898 50.25 42.75
Tuning_test_11G_inppmin50k 1369 1.288 1.501 2.348 1.276 18.377 50.25 44.25
Tuning_test_11G_inppmin50k 1370 1.389 1.311 2.530 1.570 18.853 50.25 43.25
Tuning_test_11G_inppmin50k 1371 1.452 1.674 2.531 1.541 19.484 50.25 43.75
Tuning_test_11G_inppmin50k 1372 1.563 1.255 2.614 1.666 19.223 50.25 43.75
Tuning_test_11G_inppmin50k 1373 1.111 1.461 2.504 1.633 18.680 50.25 44.25
Tuning_test_11G_inppmin50k 1374 1.436 0.961 2.530 1.355 18.849 53.75 43.75
Tuning_test_11G_inppmin50k 1375 1.038 1.542 2.504 1.626 18.651 54.25 43.75
Tuning_test_11G_inppmin50k 1376 1.172 1.404 2.238 1.221 18.471 55.25 43.75
Tuning_test_11G_inppmin50k 1377 1.219 1.218 2.419 1.246 18.423 53.75 42.75
Tuning_test_11G_inppmin50k 1378 1.536 0.929 2.386 1.222 18.101 53.25 44.25
Tuning_test_11G_inppmin50k 1379 0.981 0.761 2.361 1.329 17.761 55.25 43.75
Tuning_test_11G_inppmin50k 1380 1.401 0.996 1.904 0.769 17.218 54.25 44.25
Tuning_test_11G_inppmin50k 1381 1.270 0.840 2.173 0.894 17.391 50.75 45.25
Tuning_test_11G_inppmin50k 1382 1.372 1.169 2.169 1.003 17.844 50.25 45.25
Tuning_test_11G_inppmin50k 1383 1.367 0.998 2.401 1.374 18.077 50.25 44.25
Tuning_test_11G_inppmin50k 1384 0.970 0.915 2.161 1.096 17.215 50.25 44.25
Tuning_test_11G_inppmin50k 1385 1.217 1.064 2.286 1.241 17.527 50.25 43.25
Tuning_test_11G_inppmin50k 1386 1.222 0.876 1.835 0.753 17.271 55.25 45.25
Tuning_test_11G_inppmin50k 1387 1.114 1.046 2.210 1.065 17.812 55.75 43.75
Tuning_test_11G_inppmin50k 1388 1.258 1.179 2.595 1.596 18.357 50.25 43.25
Tuning_test_11G_inppmin50k 1389 1.049 0.761 2.378 1.299 17.916 55.75 43.75
Tuning_test_11G_inppmin50k 1390 1.525 0.988 2.022 0.962 18.456 54.75 43.25
Tuning_test_11G_inppmin50k 1391 1.227 0.987 2.248 0.923 18.707 54.25 42.75
Tuning_test_11G_inppmin50k 1392 1.405 0.886 1.983 0.776 17.974 53.25 44.25
Tuning_test_11G_inppmin50k 1393 0.853 1.052 1.940 1.011 18.036 55.75 43.25
Tuning_test_11G_inppmin50k 1394 1.232 1.306 1.883 0.873 18.333 55.75 42.75
Tuning_test_11G_inppmin50k 1395 1.335 1.098 2.089 0.982 18.526 54.75 44.25
Tuning_test_11G_inppmin50k 1396 1.301 0.862 2.160 0.891 18.161 54.75 44.25
Tuning_test_11G_inppmin50k 1397 1.354 0.940 1.973 0.910 18.173 54.75 44.25
Tuning_test_11G_inppmin50k 1398 1.307 1.076 1.930 0.801 17.896 53.25 45.25
Tuning_test_11G_inppmin50k 1399 1.237 0.961 2.292 1.142 18.058 50.25 44.75
